     0/299     5.78G    0.1176   0.02936   0.09714    0.2441        54       640         0         0 4.131e-05 4.574e-06    0.1081    0.0266   0.09223
     1/299     6.91G    0.1067   0.03133   0.09338    0.2314        55       640         0         0 0.0004157 7.692e-05   0.09346   0.02763   0.08813
     2/299     6.91G   0.09384   0.03175   0.08641     0.212        49       640      0.02 0.0006667   0.01597  0.005416   0.07726    0.0294   0.08172
     3/299     6.91G   0.08074   0.03182   0.07932    0.1919        44       640  0.003771   0.01758   0.01967  0.005434   0.06919   0.02701   0.07671
     4/299     6.91G   0.07143   0.02984   0.07441    0.1757        57       640   0.04368   0.01906   0.02618  0.008944   0.06452    0.0233   0.07296
     5/299     6.91G   0.06773   0.02582   0.06872    0.1623        44       640   0.04432   0.04566   0.04924   0.02543    0.0574   0.02076   0.07041
     6/299     6.91G   0.07193   0.02392   0.06391    0.1598        34       640   0.04252   0.05157   0.04951   0.02447   0.06157   0.01968    0.0683
     7/299     6.91G   0.06549   0.02282   0.06469     0.153        40       640   0.05203   0.05646   0.05834   0.03007   0.05904   0.01854   0.06547
     8/299     6.91G   0.06405   0.02265   0.05977    0.1465        39       640   0.05189   0.06251   0.06891   0.03636   0.05366   0.01776   0.06288
     9/299     6.91G   0.05981   0.02247   0.05899    0.1413        49       640   0.07968    0.0761   0.08828   0.04312   0.04996   0.01669   0.06037
    10/299     6.91G   0.05843   0.02041   0.05423    0.1331        48       640   0.08149   0.08859    0.1008   0.04812    0.0458   0.01572   0.05812
    11/299     6.91G   0.05549    0.0191   0.05495    0.1295        34       640   0.08511    0.1057    0.1028   0.04952   0.04651   0.01516   0.05558
    12/299     6.91G   0.05514   0.01856   0.05283    0.1265        43       640   0.07712    0.1091    0.1125   0.05898   0.04595   0.01432   0.05376
    13/299     6.91G   0.05197    0.0181   0.05119    0.1213        44       640    0.1272    0.1443    0.1499   0.08195    0.0422   0.01367   0.05172
    14/299     6.91G    0.0522    0.0176   0.04826    0.1181        59       640    0.1268    0.1719    0.1913   0.09629   0.04149   0.01298   0.04947
    15/299     6.91G   0.05144   0.01735   0.04884    0.1176        40       640    0.1508    0.1999    0.2015    0.1073   0.04041   0.01261    0.0475
    16/299     6.91G    0.0494   0.01625   0.04359    0.1092        52       640      0.12    0.2044    0.1946   0.09544   0.04393   0.01212   0.04545
    17/299     6.91G   0.05014    0.0171   0.04062    0.1079        49       640    0.1602    0.2195    0.2426    0.1298   0.03816    0.0124   0.04462
    18/299     6.91G   0.05433   0.01551    0.0413    0.1111        49       640    0.1466    0.2276    0.2338    0.1097   0.04282   0.01189   0.04242
    19/299     6.91G   0.05523   0.01624   0.04116    0.1126        42       640    0.1453    0.2499    0.2258   0.09803   0.04897   0.01158   0.04037
    20/299     6.91G   0.05365   0.01634   0.03667    0.1067        44       640    0.1546    0.2634    0.2576    0.1247   0.04285    0.0112   0.03826
    21/299     6.91G   0.05216   0.01512    0.0396    0.1069        36       640    0.1731    0.3018    0.2861    0.1433   0.04269   0.01083   0.03721
    22/299     6.91G     0.053   0.01518   0.03555    0.1037        50       640    0.2073    0.3212    0.2994    0.1703   0.04164   0.01083   0.03605
    23/299     6.91G   0.05069   0.01381   0.03672    0.1012        39       640    0.2312    0.3113    0.3008     0.143   0.04018   0.01122    0.0343
    24/299     6.91G   0.05051   0.01544   0.03329   0.09923        52       640    0.2193    0.3452    0.3501    0.1882   0.03889   0.01046    0.0325
    25/299     6.91G   0.04857   0.01462   0.03266   0.09585        47       640    0.2372    0.3829    0.3612    0.1961   0.03749   0.01033   0.03185
    26/299     6.91G   0.04787   0.01439   0.02948   0.09174        63       640    0.2075    0.3799    0.3753    0.1916   0.03885   0.01012   0.02937
    27/299     6.91G    0.0457   0.01465   0.02852   0.08887        43       640    0.2328    0.3859    0.4086    0.2143   0.03751  0.009929   0.02823
    28/299     6.91G   0.04938   0.01402   0.02803   0.09142        47       640     0.261     0.422    0.4054    0.1901   0.04024   0.01029   0.02698
    29/299     6.91G   0.04772   0.01313    0.0271   0.08795        41       640    0.1849    0.3914     0.344    0.1476   0.04933  0.009786   0.02704
    30/299     6.91G   0.05367   0.01356    0.0284   0.09563        41       640    0.2499    0.3998    0.3972    0.2055   0.04465   0.01111   0.02994
    31/299     6.91G   0.04909   0.01289   0.02591   0.08789        45       640    0.2554    0.4533    0.4171    0.2011   0.04011  0.009753   0.02508
    32/299     6.91G   0.04972   0.01367   0.02605   0.08945        36       640    0.2737    0.4343    0.4448    0.2266   0.04082  0.009863   0.02456
    33/299     6.91G   0.04776   0.01357   0.02433   0.08565        43       640    0.2121    0.4324    0.4306    0.2385   0.03833  0.009792   0.02336
    34/299     6.91G   0.04732   0.01403   0.02233   0.08368        42       640    0.2331    0.4259     0.425    0.2107   0.04002   0.00995   0.02405
    35/299     6.91G   0.04581   0.01363   0.02282   0.08225        55       640    0.2715    0.4329    0.4572     0.236   0.03945   0.01011   0.02313
    36/299     6.91G   0.04705   0.01372   0.02406   0.08483        57       640    0.2852    0.4475    0.4925    0.2662   0.03864   0.01009   0.02315
    37/299     6.91G   0.04328   0.01397    0.0236   0.08084        35       640     0.308    0.4637      0.54     0.295   0.03583  0.009748   0.02141
    38/299     6.91G   0.04649   0.01417   0.02114    0.0818        45       640    0.3937    0.5318    0.5621    0.3382   0.03464  0.009709   0.02119
    39/299     6.91G   0.04314   0.01408   0.02146   0.07868        46       640     0.351     0.524    0.5478    0.2759   0.03428  0.009964   0.02257
    40/299     6.91G   0.04238   0.01303   0.02142   0.07682        38       640    0.3029    0.5126    0.5449    0.3087   0.03314  0.009641    0.0195
    41/299     6.91G   0.04026   0.01354   0.02048   0.07427        48       640    0.3792     0.491    0.5584     0.317   0.03462   0.01551   0.03909
    42/299     6.91G   0.04092   0.01407   0.02126   0.07624        61       640    0.3526     0.543     0.561    0.3121   0.03298   0.01045   0.02256
    43/299     6.91G   0.04053   0.01439   0.02015   0.07507        46       640      0.35    0.5132    0.5436      0.32   0.03289   0.01092    0.0228
    44/299     6.91G     0.042   0.01299   0.01799   0.07299        42       640    0.3451    0.5472    0.5622    0.3134   0.03374   0.01044   0.02069
    45/299     6.91G   0.04005   0.01358   0.01892   0.07255        52       640    0.3562    0.5906     0.585    0.3214   0.03622   0.01083   0.01918
    46/299     6.91G   0.04078   0.01302   0.01853   0.07233        64       640    0.4174    0.6555     0.639    0.3703    0.0332   0.00922   0.01693
    47/299     6.91G   0.04076   0.01368   0.01969   0.07413        40       640    0.3554    0.6042    0.5948    0.3479   0.03108   0.00995   0.01741
    48/299     6.91G    0.0385   0.01403    0.0184   0.07093        60       640    0.3458    0.5819    0.6049    0.3551   0.03161   0.01137    0.0205
    49/299     6.91G   0.03815   0.01325   0.01764   0.06905        45       640    0.2948     0.585    0.5628    0.3303   0.03383   0.01108   0.01982
    50/299     6.91G   0.03939   0.01366   0.01665   0.06971        34       640    0.3329    0.6287    0.5901    0.3088   0.03314   0.01013   0.01806
    51/299     6.91G   0.03903    0.0129   0.01664   0.06857        64       640    0.3237    0.6122    0.6034    0.3431   0.03293  0.009092   0.01541
    52/299     6.91G   0.03726   0.01304   0.01641   0.06671        37       640    0.3263    0.5815    0.6234    0.3842   0.03006  0.009135   0.01512
    53/299     6.91G    0.0372    0.0128   0.01622   0.06622        38       640    0.3862    0.6833    0.6797    0.4125   0.02808  0.008882   0.01464
    54/299     6.91G   0.03678   0.01232   0.01618   0.06528        49       640    0.3926    0.7001    0.6821    0.4302   0.02918  0.009083   0.01462
    55/299     6.91G   0.03679   0.01185   0.01653   0.06517        37       640    0.4302    0.7042    0.7085    0.4568    0.0266  0.008702   0.01399
    56/299     6.91G   0.03612    0.0121   0.01518    0.0634        61       640    0.4562     0.715    0.7032     0.441   0.02717  0.008657   0.01401
    57/299     6.91G   0.03587   0.01254   0.01497   0.06338        58       640    0.4372    0.7227    0.7202    0.4358   0.03028  0.008705   0.01391
    58/299     6.91G   0.03576   0.01229   0.01392   0.06196        50       640    0.3974    0.6847    0.7026    0.4459    0.0288  0.008715   0.01525
    59/299     6.91G   0.03446   0.01199    0.0127   0.05915        54       640    0.4683    0.7518    0.7469    0.4825   0.02664  0.008078   0.01295
    60/299     6.91G   0.03489   0.01225     0.013   0.06013        53       640    0.4425    0.7412    0.7266    0.4516    0.0295  0.008345   0.01289
    61/299     6.91G   0.03668   0.01158   0.01419   0.06246        46       640    0.4437    0.7504    0.7442    0.4564    0.0293  0.008779   0.01309
    62/299     6.91G   0.03535   0.01198   0.01328    0.0606        60       640    0.4804     0.746    0.7785     0.495   0.02599  0.008295   0.01253
    63/299     6.91G   0.03343   0.01223   0.01356   0.05922        46       640     0.484    0.7816    0.7889    0.5005    0.0272  0.007986   0.01186
    64/299     6.91G     0.034    0.0117   0.01307   0.05877        44       640    0.4722    0.7547    0.7866    0.5276    0.0245  0.008077   0.01172
    65/299     6.91G   0.03299   0.01176   0.01264   0.05738        51       640    0.4703    0.7375    0.7649    0.5227   0.02536  0.008396     0.012
    66/299     6.91G   0.03309   0.01225   0.01292   0.05826        36       640    0.4917     0.746     0.768    0.4957   0.02671  0.007909   0.01159
    67/299     6.91G   0.03347   0.01157   0.01165    0.0567        40       640    0.4752    0.7741    0.7606    0.4859   0.02486  0.007708   0.01142
    68/299     6.91G   0.03358   0.01224   0.01295   0.05877        55       640    0.5072    0.7593    0.7842    0.5123   0.02491  0.007917   0.01156
    69/299     6.91G   0.03567    0.0123   0.01153    0.0595        44       640    0.5043    0.7694    0.8118    0.5203   0.02792  0.008375   0.01132
    70/299     6.91G   0.03349    0.0116   0.01199   0.05708        34       640    0.5342    0.7777    0.8194    0.5561   0.02569   0.00831   0.01171
    71/299     6.91G   0.03206   0.01195   0.01231   0.05631        54       640    0.5393      0.76    0.7994    0.5218   0.02553  0.008121   0.01201
    72/299     6.91G   0.03296   0.01182   0.01192    0.0567        52       640    0.5446    0.7684      0.82    0.5642   0.02409  0.007699   0.01057
    73/299     6.91G   0.03192   0.01121   0.01138    0.0545        37       640    0.6035    0.8074     0.848    0.5781   0.02411  0.007738   0.01046
    74/299     6.91G     0.032   0.01127    0.0118   0.05507        50       640    0.5343    0.7696    0.8398    0.5723   0.02466  0.007608   0.01041
    75/299     6.91G    0.0307   0.01092   0.01186   0.05348        45       640    0.6073    0.7987    0.8676     0.602   0.02249  0.007451   0.01032
    76/299     6.91G   0.03376   0.01148    0.0115   0.05674        54       640    0.5951    0.8144    0.8502    0.5766   0.02456  0.007643   0.01041
    77/299     6.91G   0.03068   0.01131    0.0116   0.05359        55       640     0.558    0.8078    0.8565    0.5729   0.02477  0.007464   0.01021
    78/299     6.91G   0.03342   0.01135   0.01168   0.05646        49       640    0.5618    0.8169    0.8605    0.5754   0.02386   0.00751   0.01002
    79/299     6.91G   0.03073   0.01088   0.01073   0.05234        33       640    0.6102    0.8333     0.863    0.5736   0.02336  0.007435  0.009739
    80/299     6.91G   0.03033     0.011   0.01104   0.05237        41       640    0.6074    0.8321    0.8794    0.6066   0.02305  0.007347  0.009487
    81/299     6.91G    0.0325   0.01074   0.01058   0.05382        50       640    0.6158    0.8593    0.8879    0.6031   0.02313  0.007358  0.009504
    82/299     6.91G   0.03229   0.01114   0.01043   0.05387        49       640    0.6332    0.8921    0.8887    0.5942   0.02379  0.007419  0.009562
    83/299     6.91G    0.0313   0.01105   0.01078   0.05313        42       640    0.6301    0.8981    0.8959    0.6116   0.02258  0.007285   0.00927
    84/299     6.91G   0.02959    0.0108  0.009776   0.05017        39       640    0.5975    0.8807    0.8813    0.6335   0.02313  0.007306  0.009009
    85/299     6.91G   0.02972   0.01077  0.009725   0.05022        45       640    0.6374     0.912    0.9206    0.6588   0.02156  0.007179  0.008845
    86/299     6.91G   0.03128   0.01155  0.009281   0.05212        48       640    0.6502    0.9108     0.915    0.6534   0.02312   0.00738  0.008798
    87/299     6.91G   0.02994   0.01107  0.009703   0.05071        60       640    0.6098    0.8952    0.9082    0.6364   0.02184  0.007131  0.008726
    88/299     6.91G   0.02881   0.01071  0.009193   0.04871        45       640    0.6298     0.915    0.9333    0.6509   0.02129  0.007283  0.008705
    89/299     6.91G   0.02883   0.01091   0.00925   0.04899        32       640    0.6372    0.9221    0.9234    0.6434   0.02137  0.006973  0.008475
    90/299     6.91G   0.02981   0.01088  0.009149   0.04984        44       640    0.6694    0.9421    0.9394    0.6693   0.02281  0.007079  0.008311
    91/299     6.91G   0.03086   0.01086   0.01008   0.05181        47       640     0.623    0.9191    0.9217    0.6444   0.02172  0.007107  0.008485
    92/299     6.91G   0.02828   0.01074  0.008673    0.0477        58       640     0.612     0.909    0.9166    0.6714   0.02095  0.007081  0.008298
    93/299     6.91G   0.03013   0.01082    0.0089   0.04985        55       640    0.5993    0.8707    0.9066    0.6613   0.02068  0.007318  0.008296
    94/299     6.91G   0.02901  0.009895  0.008646   0.04755        54       640    0.5673    0.8787    0.9076     0.656   0.02153  0.007044  0.008185
    95/299     6.91G    0.0288   0.01105  0.008753    0.0486        48       640    0.6084    0.9076    0.9223    0.6551   0.02066  0.006807  0.007934
    96/299     6.91G   0.02866   0.01037   0.00887    0.0479        56       640    0.6381    0.9491    0.9341    0.6622   0.01971  0.006685  0.007825
    97/299     6.91G   0.02903   0.01087  0.009262   0.04916        38       640    0.6373    0.9229     0.923    0.6493   0.02143   0.00676    0.0078
    98/299     6.91G    0.0309   0.01075  0.008552    0.0502        48       640    0.6217    0.9162    0.9308    0.6726   0.02283  0.006804  0.007752
    99/299     6.91G   0.02834   0.01068  0.008974   0.04799        62       640    0.6532     0.933    0.9407     0.643   0.02226  0.006915   0.00781
   100/299     6.91G   0.02845  0.009788  0.008507   0.04675        43       640    0.6871    0.9322     0.942    0.6622   0.02118  0.006936  0.007681
   101/299     6.91G   0.02737  0.009815  0.007431   0.04462        61       640     0.693    0.9517    0.9562    0.6961     0.021  0.006741  0.007369
   102/299     6.91G   0.02883  0.009632  0.007946   0.04641        45       640    0.6501    0.9585    0.9416    0.6799   0.02173  0.006681  0.007356
   103/299     6.91G    0.0286   0.01052  0.008071   0.04719        52       640    0.6552    0.9491    0.9495    0.6771   0.02117    0.0067  0.007329
   104/299     6.91G   0.02858   0.01038  0.008213   0.04718        40       640    0.6707    0.9491    0.9447    0.6862    0.0198   0.00647  0.007246
   105/299     6.91G   0.02779  0.009692  0.008065   0.04555        50       640    0.6584     0.949    0.9441    0.6983   0.01968  0.006408  0.007216
   106/299     6.91G   0.02703  0.009741  0.008647   0.04542        42       640    0.6498    0.9465    0.9514    0.6975   0.01938  0.006421  0.007039
   107/299     6.91G   0.02797  0.009891  0.007729   0.04559        37       640    0.6385     0.949    0.9524    0.7002    0.0202  0.006312  0.006865
   108/299     6.91G   0.02747   0.01036  0.007779   0.04562        58       640    0.6569    0.9382    0.9499    0.6874   0.02159  0.006505  0.006712
   109/299     6.91G   0.02776  0.009868  0.007619   0.04525        44       640    0.6611    0.9703    0.9601    0.6892   0.02017  0.006389  0.006803
   110/299     6.91G   0.02687  0.009448  0.007595   0.04391        44       640    0.6894    0.9691     0.958    0.7443   0.01935  0.006312  0.006704
   111/299     6.91G   0.02808    0.0099  0.007586   0.04556        45       640    0.6536    0.9691    0.9521    0.6897   0.02021  0.006349  0.006615
   112/299     6.91G   0.02663  0.009069  0.007856   0.04356        37       640    0.6842    0.9487    0.9547     0.717    0.0188    0.0063  0.006718
   113/299     6.91G   0.02615  0.009796  0.007939   0.04389        60       640    0.6755    0.9487    0.9561    0.7022   0.01862  0.006285  0.006629
   114/299     6.91G   0.02803   0.01042  0.007468   0.04592        71       640    0.6472    0.9482    0.9517    0.6866   0.02045  0.006405  0.006572
   115/299     6.91G   0.02731  0.009763  0.007318   0.04439        56       640     0.638    0.9687    0.9564    0.6977   0.01959  0.006236  0.006562
   116/299     6.91G   0.02677  0.009516  0.007778   0.04406        52       640    0.6417    0.9491    0.9531    0.7047   0.02017  0.006332  0.006476
   117/299     6.91G   0.02788   0.01038  0.006643   0.04489        68       640    0.6294    0.9491    0.9501    0.7021   0.01967  0.006299  0.006418
   118/299     6.91G   0.02616  0.009784  0.006646   0.04259        44       640    0.6413    0.9538    0.9586    0.7119   0.01993  0.006144  0.006223
   119/299     6.91G   0.02757  0.009822  0.007403    0.0448        48       640    0.6515    0.9591     0.966    0.6771   0.01816  0.006194  0.006315
   120/299     6.91G   0.02678  0.009691  0.007544   0.04402        48       640    0.6487    0.9791    0.9793    0.7293   0.01931  0.006307  0.006416
   121/299     6.91G   0.02607  0.009613  0.006936   0.04262        47       640    0.6482    0.9739    0.9686    0.7103   0.01874  0.006269  0.006156
   122/299     6.91G   0.02617  0.009309  0.006605   0.04209        39       640    0.6466    0.9684    0.9702    0.7038   0.02031  0.006374  0.006082
   123/299     6.91G   0.02638  0.009273  0.007485   0.04314        47       640    0.6852     0.979    0.9695    0.7192   0.01828  0.006198  0.006249
   124/299     6.91G   0.02653  0.009793  0.006971   0.04329        35       640     0.676     0.979     0.976    0.7262   0.01817  0.006101  0.006146
   125/299     6.91G   0.02454  0.009091  0.007084   0.04071        40       640      0.67    0.9991    0.9874    0.7507   0.01815   0.00599  0.005926
   126/299     6.91G   0.02599  0.009602  0.006697   0.04229        48       640    0.6886    0.9991    0.9922    0.7546   0.01807  0.006026  0.005925
   127/299     6.91G   0.02511  0.009462  0.006734    0.0413        49       640    0.6896    0.9991    0.9898    0.7305   0.01781  0.005889  0.005781
   128/299     6.91G   0.02572   0.01033  0.005977   0.04203        56       640    0.6881    0.9987    0.9876    0.7367   0.01774  0.005917  0.005796
   129/299     6.91G    0.0252  0.009535  0.006553   0.04129        46       640    0.7199    0.9987    0.9885    0.7719   0.01781  0.005901  0.005789
   130/299     6.91G   0.02361  0.009338  0.006436   0.03938        35       640    0.7002    0.9991    0.9918     0.765   0.01789  0.005867  0.005631
   131/299     6.91G   0.02571  0.009133  0.006117   0.04096        56       640    0.6641    0.9791    0.9739    0.7281   0.01909  0.005963  0.005535
   132/299     6.91G   0.02645  0.009662  0.006303   0.04241        48       640    0.6821    0.9791    0.9769    0.7566   0.01866  0.005933  0.005544
   133/299     6.91G   0.02498  0.009322  0.006677   0.04098        46       640    0.7113    0.9887    0.9742    0.7389   0.01827  0.006068  0.005751
   134/299     6.91G   0.02425  0.009406  0.006218   0.03988        43       640    0.6891    0.9791    0.9804    0.7406    0.0179  0.005944  0.005462
   135/299     6.91G   0.02485  0.009235  0.006234   0.04032        34       640    0.6823    0.9791    0.9833    0.7469   0.01871  0.005887  0.005349
   136/299     6.91G   0.02507  0.009505  0.005972   0.04054        42       640    0.6832    0.9791    0.9809    0.7121   0.01777  0.005837  0.005364
   137/299     6.91G   0.02552  0.009578  0.006447   0.04154        42       640    0.7068    0.9691    0.9743    0.7313   0.01716  0.005793  0.005483
   138/299     6.91G    0.0246  0.008403  0.006541   0.03954        46       640     0.702    0.9687    0.9662    0.6924   0.01755  0.005752  0.005418
   139/299     6.91G   0.02496  0.009419  0.005979   0.04036        48       640    0.7109    0.9687    0.9693    0.7221   0.01745  0.005883  0.005405
   140/299     6.91G   0.02419  0.009032  0.006342   0.03956        43       640    0.6884    0.9691     0.971     0.729   0.01672  0.005867  0.005341
   141/299     6.91G   0.02477  0.009368  0.005689   0.03983        45       640    0.6714    0.9678    0.9726    0.7013   0.01725  0.006043  0.005251
   142/299     6.91G   0.02452  0.009291  0.005571   0.03938        41       640    0.6514    0.9682    0.9686    0.7102   0.01783  0.006003  0.005209
   143/299     6.91G   0.02515  0.009687  0.006026   0.04087        47       640    0.6612    0.9691    0.9733    0.7349   0.01779  0.005932  0.005136
   144/299     6.91G   0.02414  0.009049  0.005722   0.03891        55       640     0.717    0.9891    0.9908    0.7482   0.01682  0.005681  0.005069
   145/299     6.91G   0.02428  0.009084  0.006071   0.03943        50       640    0.7288    0.9976    0.9943    0.7697   0.01708  0.005675  0.005113
   146/299     6.91G   0.02315  0.009438  0.005715   0.03831        47       640    0.6899    0.9691    0.9769    0.7705   0.01625  0.005594  0.005071
   147/299     6.91G   0.02287  0.008773  0.005744   0.03739        49       640    0.7165    0.9691    0.9814    0.7678   0.01583  0.005687  0.005036
   148/299     6.91G    0.0229  0.009227  0.005266   0.03739        60       640    0.6829    0.9791    0.9842    0.7649   0.01676  0.005679  0.004884
   149/299     6.91G   0.02302  0.008756    0.0059   0.03768        45       640    0.6824    0.9791    0.9843    0.7606   0.01629  0.005661  0.004873
   150/299     6.91G   0.02284   0.00842  0.005378   0.03663        50       640    0.6866    0.9791    0.9848    0.7746   0.01652  0.005603  0.004775
   151/299     6.91G   0.02403  0.009251  0.005733   0.03901        38       640    0.6886    0.9791    0.9837    0.7838   0.01587  0.005546  0.004822
   152/299     6.91G   0.02317  0.008868  0.005626   0.03767        57       640    0.6943    0.9791    0.9835     0.755   0.01599  0.005572  0.004803
   153/299     6.91G   0.02372  0.009308  0.005239   0.03827        33       640     0.694    0.9791    0.9816    0.7471   0.01641   0.00553  0.004677
   154/299     6.91G   0.02274  0.008253  0.005543   0.03654        46       640    0.6983    0.9791    0.9776    0.7476   0.01545  0.005477  0.004679
   155/299     6.91G   0.02278  0.008695  0.005549   0.03702        34       640    0.7146    0.9991    0.9906    0.7984   0.01534  0.005546  0.004565
   156/299     6.91G   0.02236  0.008689  0.005111   0.03616        64       640    0.7105    0.9991    0.9949    0.7666   0.01589  0.005606  0.004544
   157/299     6.91G   0.02248  0.008748  0.005175    0.0364        62       640    0.6874    0.9991    0.9883    0.7681   0.01544  0.005422  0.004479
   158/299     6.91G   0.02212  0.009254  0.005072   0.03644        59       640     0.709    0.9991    0.9932    0.8027   0.01592  0.005477  0.004428
   159/299     6.91G   0.02203  0.008791  0.004729   0.03555        47       640    0.7113    0.9991     0.993    0.8051   0.01515   0.00528   0.00443
   160/299     6.91G   0.02264  0.008584  0.005262   0.03649        33       640    0.7126    0.9991    0.9942    0.7991   0.01559  0.005368  0.004442
   161/299     6.91G   0.02327  0.008705  0.005155   0.03713        40       640    0.7296         1    0.9935    0.7794    0.0161   0.00552  0.004561
   162/299     6.91G   0.02252  0.008722  0.005536   0.03678        43       640    0.7234    0.9958    0.9877    0.7722   0.01527  0.005636  0.004664
   163/299     6.91G    0.0233  0.009263  0.005002   0.03756        59       640    0.6921    0.9791    0.9797    0.7556   0.01621  0.005447  0.004437
   164/299     6.91G    0.0221   0.00852  0.005187   0.03581        61       640    0.7065    0.9991    0.9936    0.7784   0.01511  0.005402  0.004554
   165/299     6.91G   0.02206  0.008288   0.00459   0.03494        42       640    0.6854    0.9991    0.9848    0.7414   0.01582  0.005359  0.004483
   166/299     6.91G   0.02097  0.008452  0.004854   0.03428        54       640    0.7145    0.9991    0.9884    0.7723   0.01557  0.005404  0.004317
   167/299     6.91G   0.02198  0.009236  0.005005   0.03622        34       640    0.7252    0.9991    0.9943    0.7794   0.01433  0.005227  0.004293
   168/299     6.91G   0.02239   0.00855  0.004968    0.0359        52       640    0.7043    0.9991    0.9903    0.7691   0.01626  0.005329  0.004389
   169/299     6.91G   0.02189  0.008023   0.00483   0.03475        51       640    0.7071    0.9991    0.9896    0.7696   0.01541  0.005327  0.004423
   170/299     6.91G   0.02213  0.008224  0.005279   0.03563        42       640    0.6983    0.9791    0.9793    0.7474   0.01573  0.005242   0.00438
   171/299     6.91G     0.021  0.008277  0.005293   0.03457        49       640     0.691    0.9791    0.9843    0.7614   0.01446  0.005205  0.004325
   172/299     6.91G   0.02186  0.008789  0.004716   0.03537        33       640    0.7294    0.9991    0.9949    0.7864   0.01424  0.005253  0.004221
   173/299     6.91G   0.02108  0.008227  0.005017   0.03433        61       640    0.7177    0.9991    0.9949    0.7863   0.01442  0.005206  0.004208
   174/299     6.91G   0.02024  0.008368  0.005336   0.03394        59       640     0.727    0.9991     0.995    0.8021   0.01439  0.005171  0.004077
   175/299     6.91G   0.02139  0.008715  0.004591    0.0347        43       640    0.7338    0.9996      0.99    0.8154   0.01487  0.005261  0.004061
   176/299     6.91G   0.01964  0.007999  0.004546   0.03219        47       640    0.7441    0.9991     0.991    0.8065    0.0133  0.004992  0.004025
   177/299     6.91G   0.02187  0.008525   0.00434   0.03473        51       640    0.7165    0.9991    0.9903    0.7841    0.0149  0.005089  0.003933
   178/299     6.91G   0.02168  0.008279  0.004619   0.03458        48       640    0.7246    0.9991    0.9943    0.8237   0.01453  0.005081  0.003954
   179/299     6.91G   0.01891  0.008027  0.004353    0.0313        41       640    0.7171    0.9991    0.9943    0.8236   0.01335  0.004952  0.003862
   180/299     6.91G   0.02052  0.008335  0.004038    0.0329        57       640    0.7177    0.9991    0.9947    0.8071    0.0139  0.004994  0.003832
   181/299     6.91G   0.02005  0.008539    0.0044   0.03299        41       640    0.7173    0.9991    0.9945    0.8168   0.01374  0.004937  0.003812
   182/299     6.91G   0.02046   0.00753  0.004027   0.03201        36       640    0.7205    0.9991    0.9947    0.8183   0.01388  0.005037  0.003796
   183/299     6.91G    0.0201  0.007707   0.00447   0.03227        43       640    0.7111    0.9991    0.9931    0.8147   0.01337  0.004978  0.003847
   184/299     6.91G   0.01995  0.007895  0.004759   0.03261        48       640    0.7225    0.9991    0.9947    0.8063   0.01352  0.004951  0.003788
   185/299     6.91G   0.02038  0.008101  0.004043   0.03252        37       640    0.7192      0.99    0.9914    0.8102   0.01374  0.004927  0.003745
   186/299     6.91G   0.02022  0.008358  0.004539   0.03312        44       640    0.7239    0.9891    0.9899     0.807   0.01339  0.004877  0.003749
   187/299     6.91G   0.02108  0.007943  0.004687   0.03371        49       640    0.7445    0.9927    0.9915    0.8199   0.01398  0.004945  0.003781
   188/299     6.91G   0.01975  0.007363  0.004181    0.0313        46       640    0.7336    0.9891    0.9904    0.8191   0.01383  0.004929  0.003807
   189/299     6.91G   0.01953  0.008076  0.004084   0.03169        42       640    0.7398    0.9991    0.9939    0.8203   0.01358  0.004939  0.003755
   190/299     6.91G   0.01927   0.00751   0.00394   0.03072        46       640    0.7406    0.9991    0.9949    0.8027   0.01322  0.004865  0.003667
   191/299     6.91G   0.01852  0.007734  0.004015   0.03027        34       640    0.7411    0.9991     0.991    0.8373   0.01354  0.004882  0.003576
   192/299     6.91G   0.01959  0.007426  0.003717   0.03073        45       640    0.7392    0.9991     0.995    0.8243   0.01388    0.0049  0.003544
   193/299     6.91G   0.01935  0.007978  0.004036   0.03136        42       640    0.7437    0.9991    0.9949     0.838   0.01331  0.004863  0.003524
   194/299     6.91G    0.0182  0.007912   0.00373   0.02984        43       640    0.7486    0.9991    0.9936    0.8397    0.0123   0.00471  0.003494
   195/299     6.91G   0.01909  0.007911  0.003714   0.03071        56       640    0.7527    0.9991     0.995    0.8399   0.01255  0.004737   0.00346
   196/299     6.91G   0.01942  0.007707  0.004106   0.03124        57       640    0.7434    0.9991    0.9943    0.8304   0.01231  0.004783   0.00351
   197/299     6.91G   0.01837  0.007874  0.004009   0.03025        46       640    0.7411    0.9991     0.993    0.8383    0.0121  0.004742  0.003494
   198/299     6.91G   0.01865  0.007248  0.003538   0.02943        31       640     0.742    0.9991    0.9936     0.826   0.01283  0.004817  0.003452
   199/299     6.91G    0.0181  0.007596  0.003788   0.02948        43       640    0.7421    0.9991    0.9941    0.8279   0.01297  0.004831  0.003434
   200/299     6.91G   0.01891  0.007612  0.004041   0.03056        54       640    0.7381    0.9991    0.9943    0.8343   0.01263  0.004787    0.0034
   201/299     6.91G   0.01817  0.007681  0.003914   0.02977        45       640    0.7471    0.9991    0.9937    0.8292   0.01245  0.004789  0.003365
   202/299     6.91G   0.01852  0.007651  0.004201   0.03037        52       640    0.7562    0.9991    0.9943    0.8315    0.0126  0.004691  0.003336
   203/299     6.91G   0.01873   0.00757  0.003826   0.03013        50       640    0.7552    0.9991    0.9943    0.8119   0.01278  0.004676   0.00334
   204/299     6.91G   0.01983  0.008086  0.003441   0.03135        48       640    0.7507    0.9991    0.9943    0.8107   0.01316  0.004726   0.00335
   205/299     6.91G   0.01876    0.0079  0.003751   0.03041        51       640     0.753    0.9891    0.9843    0.8124    0.0125  0.004605  0.003372
   206/299     6.91G    0.0179  0.007546  0.003895   0.02934        41       640    0.7643    0.9991    0.9943    0.8236   0.01244  0.004563  0.003368
   207/299     6.91G   0.01782  0.007445  0.003808   0.02907        41       640    0.7576    0.9991    0.9949    0.8333   0.01184  0.004542  0.003338
   208/299     6.91G   0.01723  0.007418  0.003245   0.02789        48       640    0.7588    0.9991    0.9949    0.8387   0.01185  0.004538  0.003233
   209/299     6.91G   0.01767  0.007657  0.003717   0.02905        45       640    0.7463    0.9991     0.995    0.8649   0.01169  0.004476   0.00314
   210/299     6.91G   0.01889  0.007769   0.00368   0.03034        47       640    0.7527    0.9991    0.9943    0.8599   0.01225   0.00457  0.003128
   211/299     6.91G   0.01763  0.007317  0.003723   0.02867        48       640    0.7582    0.9991    0.9943    0.8475   0.01192  0.004566  0.003163
   212/299     6.91G   0.01875  0.007682  0.004039   0.03047        41       640    0.7559    0.9991    0.9946    0.8418   0.01186  0.004562  0.003196
   213/299     6.91G   0.01673  0.007558  0.003748   0.02804        51       640    0.7524    0.9991    0.9901    0.8446    0.0112  0.004453  0.003182
   214/299     6.91G   0.01706  0.007497  0.003794   0.02835        59       640    0.7544    0.9991    0.9949    0.8247   0.01171  0.004502  0.003125
   215/299     6.91G    0.0192  0.007478   0.00326   0.02994        74       640    0.7501    0.9991    0.9943    0.8191   0.01233  0.004585   0.00311
   216/299     6.91G   0.01741   0.00736  0.003575   0.02834        65       640    0.7476    0.9991    0.9944    0.8357   0.01166   0.00451  0.003101
   217/299     6.91G    0.0174  0.007253  0.003507   0.02816        51       640      0.74    0.9991    0.9943    0.8498   0.01139  0.004479  0.003092
   218/299     6.91G   0.01862  0.007608  0.003616   0.02984        55       640    0.7455    0.9991    0.9926    0.8213   0.01226  0.004521  0.003099
   219/299     6.91G   0.01757  0.007426  0.003399    0.0284        60       640    0.7547    0.9991    0.9927    0.8546   0.01142  0.004472  0.003129
   220/299     6.91G   0.01699  0.007309  0.003453   0.02775        48       640    0.7582    0.9991    0.9943    0.8629   0.01155  0.004431  0.003107
   221/299     6.91G   0.01703  0.007715  0.003298   0.02804        46       640    0.7632    0.9991    0.9943    0.8449   0.01174  0.004433  0.003049
   222/299     6.91G    0.0169  0.007405  0.003392    0.0277        54       640    0.7631    0.9991     0.995    0.8527    0.0109  0.004369     0.003
   223/299     6.91G   0.01672  0.007669  0.003263   0.02765        44       640    0.7615    0.9991     0.995    0.8421   0.01153  0.004381   0.00295
   224/299     6.91G   0.01694  0.006998  0.003366   0.02731        47       640     0.753    0.9991    0.9949    0.8501   0.01122  0.004336  0.002958
   225/299     6.91G   0.01631   0.00733  0.003707   0.02735        40       640    0.7645    0.9991    0.9943    0.8613   0.01103  0.004342  0.002919
   226/299     6.91G   0.01692  0.006985  0.003641   0.02754        26       640    0.7604    0.9991    0.9943    0.8728   0.01063  0.004307  0.002876
   227/299     6.91G   0.01627  0.007003   0.00357   0.02684        49       640     0.756    0.9991    0.9943    0.8589   0.01097   0.00428  0.002837
   228/299     6.91G   0.01744  0.006994  0.003272   0.02771        44       640    0.7582    0.9991    0.9943    0.8476   0.01135  0.004317  0.002818
   229/299     6.91G   0.01639  0.006995  0.003095   0.02648        45       640    0.7624    0.9991    0.9943    0.8475   0.01209   0.00438  0.002825
   230/299     6.91G    0.0173  0.007148  0.003504   0.02796        56       640      0.77    0.9991    0.9943    0.8649   0.01133  0.004319  0.002861
   231/299     6.91G   0.01681  0.007171  0.003565   0.02755        62       640    0.7546    0.9991    0.9943    0.8468   0.01087  0.004244  0.002893
   232/299     6.91G    0.0163  0.007145  0.003213   0.02666        50       640    0.7663         1    0.9951    0.8596   0.01101  0.004272  0.002888
   233/299     6.91G    0.0156  0.006822  0.003263   0.02568        44       640    0.7712         1    0.9951    0.8685   0.01089  0.004202  0.002837
   234/299     6.91G   0.01596  0.007134  0.003019   0.02612        53       640     0.775    0.9991    0.9943    0.8731   0.01053  0.004149  0.002769
   235/299     6.91G   0.01624  0.007209   0.00317   0.02662        46       640    0.7702    0.9991     0.995    0.8667   0.01065  0.004153   0.00272
   236/299     6.91G    0.0173  0.007186  0.003024   0.02751        42       640    0.7696    0.9991    0.9943    0.8596   0.01097  0.004217  0.002754
   237/299     6.91G   0.01595   0.00723  0.003054   0.02624        41       640    0.7702    0.9991     0.995    0.8712   0.01075   0.00411  0.002766
   238/299     6.91G    0.0159  0.007118   0.00299   0.02601        45       640    0.7699    0.9991     0.995    0.8714   0.01065   0.00407  0.002755
   239/299     6.91G   0.01564  0.007324  0.003332    0.0263        41       640    0.7688    0.9998     0.995    0.8728  0.009988  0.004044  0.002731
   240/299     6.91G   0.01577  0.006634  0.002843   0.02525        48       640    0.7602    0.9991    0.9944    0.8796   0.01032  0.004021  0.002678
   241/299     6.91G   0.01572  0.006848  0.002993   0.02556        38       640    0.7676    0.9991    0.9946    0.8732   0.01009  0.003969  0.002658
   242/299     6.91G   0.01526  0.007168  0.003157   0.02559        40       640     0.767    0.9991    0.9947    0.8815   0.01033   0.00398  0.002646
   243/299     6.91G   0.01617  0.006649  0.003009   0.02583        54       640    0.7657    0.9991    0.9943    0.8943   0.01075  0.003985  0.002633
   244/299     6.91G   0.01521  0.006897  0.003121   0.02523        39       640    0.7697    0.9991    0.9943    0.8593    0.0103  0.003973  0.002637
   245/299     6.91G   0.01506  0.006861  0.003012   0.02493        45       640    0.7626    0.9991    0.9943    0.8677   0.01018  0.003903  0.002601
   246/299     6.91G   0.01536  0.006666  0.002872    0.0249        49       640    0.7644         1    0.9951    0.8718   0.01081  0.003992   0.00257
   247/299     6.91G   0.01476  0.006971  0.002991   0.02472        52       640    0.7687         1    0.9951    0.8806  0.009987  0.003884  0.002564
   248/299     6.91G   0.01561  0.006866  0.003055   0.02554        58       640    0.7645         1    0.9951    0.8854   0.01013  0.003962  0.002549
   249/299     6.91G   0.01577  0.007129  0.002942   0.02585        47       640    0.7654         1    0.9951    0.8832   0.01033  0.004051  0.002553
   250/299     6.91G   0.01508  0.006876  0.002804   0.02476        56       640    0.7681         1    0.9951    0.8802   0.00991  0.003962  0.002561
   251/299     6.91G   0.01497  0.006804  0.002857   0.02463        70       640    0.7602         1     0.995    0.8775   0.01001  0.003997  0.002544
   252/299     6.91G   0.01547  0.006671  0.003079   0.02522        40       640    0.7627         1    0.9951     0.873  0.009823  0.003903  0.002528
   253/299     6.91G   0.01475  0.006352   0.00296   0.02407        43       640    0.7621         1    0.9951    0.8758  0.009997  0.003887  0.002528
   254/299     6.91G   0.01507  0.007189  0.002833   0.02509        46       640    0.7645         1    0.9951    0.8827  0.009563  0.003831  0.002513
   255/299     6.91G    0.0149  0.006174  0.003192   0.02427        39       640    0.7612         1    0.9951    0.8803  0.009545  0.003913  0.002473
   256/299     6.91G   0.01633  0.007153  0.002872   0.02636        37       640    0.7607         1    0.9951     0.878    0.0101  0.003946  0.002467
   257/299     6.91G   0.01505  0.006672  0.002762   0.02448        53       640    0.7655         1    0.9951    0.8835   0.01026  0.003971  0.002479
   258/299     6.91G   0.01499  0.006439  0.002836   0.02426        47       640    0.7655         1    0.9951     0.887  0.009919  0.003929  0.002486
   259/299     6.91G   0.01418  0.006534  0.002782    0.0235        48       640    0.7668         1    0.9951    0.8869  0.009674   0.00388  0.002478
   260/299     6.91G   0.01498  0.006806   0.00286   0.02464        42       640    0.7587      0.99    0.9851    0.8876  0.009539  0.003826  0.002449
   261/299     6.91G   0.01493  0.006899  0.002908   0.02474        28       640    0.7591      0.99    0.9851     0.884  0.009522  0.003802  0.002407
   262/299     6.91G   0.01494  0.007208  0.002663   0.02481        43       640    0.7585         1    0.9951    0.8739  0.009723  0.003837  0.002359
   263/299     6.91G   0.01457  0.006835  0.002822   0.02423        43       640    0.7649         1    0.9951    0.8709  0.009475  0.003784  0.002341
   264/299     6.91G   0.01409  0.006719  0.002786    0.0236        48       640    0.7593         1    0.9951    0.8788  0.009534   0.00387  0.002339
   265/299     6.91G   0.01414  0.006516  0.002669   0.02333        41       640    0.7673         1    0.9951    0.8746  0.009742  0.003935  0.002318
   266/299     6.91G    0.0153  0.006428  0.002975   0.02471        40       640    0.7675         1    0.9951    0.8716  0.009517  0.003942   0.00232
   267/299     6.91G   0.01481  0.006747  0.002758   0.02432        58       640    0.7668    0.9991    0.9943    0.8836  0.009578  0.003934   0.00235
   268/299     6.91G   0.01471  0.006656  0.002773   0.02414        33       640    0.7715         1     0.995    0.8753  0.009909  0.003921  0.002351
   269/299     6.91G    0.0149  0.006727  0.002516   0.02414        46       640    0.7714         1     0.995    0.8818  0.009529  0.003878  0.002344
   270/299     6.91G   0.01436  0.006773  0.002776   0.02391        62       640     0.769         1    0.9951    0.8903  0.009362  0.003882  0.002321
   271/299     6.91G   0.01423  0.006188   0.00267   0.02309        59       640    0.7721         1     0.995    0.8797    0.0095  0.003828  0.002291
   272/299     6.91G   0.01434  0.006437  0.002625    0.0234        43       640    0.7731    0.9991    0.9949    0.8766  0.009573   0.00382  0.002281
   273/299     6.91G    0.0141   0.00687  0.002625   0.02359        44       640    0.7708    0.9991    0.9944     0.876  0.009518  0.003805  0.002269
   274/299     6.91G   0.01516  0.006746   0.00265   0.02456        46       640    0.7729    0.9991    0.9944    0.8803  0.009446   0.00382  0.002255
   275/299     6.91G   0.01397  0.006553  0.002874   0.02339        50       640    0.7728    0.9991    0.9944    0.8796  0.009214  0.003795  0.002255
   276/299     6.91G   0.01425  0.006366  0.002551   0.02316        38       640    0.7691         1    0.9917    0.8873  0.009439  0.003827  0.002248
   277/299     6.91G   0.01386  0.006277  0.002397   0.02254        39       640    0.7656    0.9991    0.9945    0.9048  0.009141  0.003785  0.002234
   278/299     6.91G   0.01432  0.006481  0.002536   0.02334        41       640    0.7613         1     0.995    0.8894   0.00938  0.003806  0.002205
   279/299     6.91G   0.01444  0.006489  0.002558   0.02349        53       640    0.7626    0.9991    0.9943    0.8934  0.009476  0.003815  0.002204
   280/299     6.91G   0.01446  0.006437  0.002621   0.02352        55       640    0.7745    0.9991    0.9943    0.9072  0.009141   0.00386   0.00221
   281/299     6.91G   0.01325  0.006491  0.002465   0.02221        44       640     0.774    0.9991     0.995    0.9054   0.00922  0.003805  0.002197
   282/299     6.91G   0.01399  0.006884  0.002373   0.02325        46       640     0.773    0.9991     0.995    0.8908  0.008988  0.003754  0.002176
   283/299     6.91G   0.01394  0.006958  0.002724   0.02363        42       640     0.772    0.9991    0.9943    0.8978  0.009287  0.003793  0.002155
   284/299     6.91G   0.01413  0.006481  0.002548   0.02316        39       640    0.7755    0.9991    0.9943     0.887  0.009349  0.003819  0.002152
   285/299     6.91G   0.01391  0.006646  0.002408   0.02296        40       640    0.7747    0.9991    0.9943    0.8904  0.009462  0.003853  0.002155
   286/299     6.91G   0.01372  0.006548  0.002543   0.02281        72       640    0.7752    0.9991    0.9943    0.9041  0.008914  0.003728  0.002152
   287/299     6.91G   0.01362  0.006251  0.002698   0.02257        38       640    0.7759    0.9991    0.9943    0.8904  0.009425  0.003763  0.002142
   288/299     6.91G   0.01428  0.006524  0.002367   0.02317        30       640    0.7698    0.9991     0.995    0.8791  0.009249  0.003742  0.002141
   289/299     6.91G   0.01504  0.006674  0.002435   0.02415        40       640    0.7728    0.9991     0.995    0.8895  0.009276  0.003752  0.002156
   290/299     6.91G   0.01402  0.006584  0.002699   0.02331        49       640    0.7719    0.9992     0.995    0.9037  0.008773  0.003706   0.00218
   291/299     6.91G   0.01332  0.005968  0.002403    0.0217        36       640    0.7705    0.9991    0.9943    0.9041  0.008935  0.003698  0.002174
   292/299     6.91G   0.01355   0.00626  0.002569   0.02238        44       640    0.7753    0.9996     0.995    0.9076  0.008784  0.003647   0.00215
   293/299     6.91G   0.01406  0.006276  0.002637   0.02297        41       640     0.775    0.9991    0.9946    0.9032  0.008943  0.003658  0.002127
   294/299     6.91G   0.01418  0.006455  0.002407   0.02304        32       640      0.77    0.9991    0.9945    0.8945  0.009251  0.003694   0.00211
   295/299     6.91G   0.01336  0.006009  0.002261   0.02163        29       640     0.764    0.9991    0.9944    0.9028  0.008858  0.003667  0.002108
   296/299     6.91G   0.01377  0.006209  0.002339   0.02232        44       640    0.7707    0.9991    0.9947    0.8925  0.009063  0.003691  0.002089
   297/299     6.91G   0.01417  0.005997  0.002497   0.02266        59       640    0.7746    0.9991    0.9946    0.8979  0.008869  0.003663  0.002076
   298/299     6.91G   0.01425  0.006624  0.002503   0.02338        44       640    0.7748    0.9991    0.9944    0.9005  0.008761  0.003663  0.002081
   299/299     6.91G   0.01428  0.006483  0.002487   0.02325        52       640    0.7726    0.9991    0.9943    0.8935  0.008803  0.003708   0.00209
