     0/599     4.55G    0.0881   0.02828     0.091    0.2074         3       640         0         0   0.02606   0.01429   0.07028   0.03013   0.09999
     1/599      6.3G    0.0602   0.02205   0.06788    0.1501         2       640   0.06742   0.04932   0.06872   0.04328   0.05356   0.02351    0.0832
     2/599      6.3G   0.05312   0.01636   0.05446    0.1239         1       640   0.07639   0.09486    0.1022   0.05572    0.0496   0.02108   0.07199
     3/599      6.3G   0.05031   0.01444   0.04666    0.1114         2       640   0.09207    0.1492    0.1622   0.08459   0.04604   0.01867   0.06446
     4/599      6.3G   0.05064   0.01344   0.04195     0.106         6       640   0.09545    0.1965      0.21    0.1093   0.04648   0.01666   0.05839
     5/599      6.3G   0.04687   0.01306   0.03722   0.09716         6       640    0.1003    0.2372    0.2021    0.1093   0.04688    0.0204   0.05644
     6/599      6.3G   0.04906   0.01271   0.03555   0.09732         2       640    0.1339    0.2311     0.224    0.1151   0.04625   0.01922    0.0561
     7/599      6.3G   0.04602   0.01286   0.03264   0.09152         3       640    0.1594     0.288    0.2722    0.1465   0.04805   0.02069   0.05555
     8/599      6.3G   0.04375   0.01364   0.03212   0.08951         2       640     0.139    0.2972    0.2838    0.1506   0.04312   0.01915   0.05139
     9/599      6.3G   0.04266   0.01379   0.02956   0.08601         2       640    0.1187    0.3098    0.2908     0.176   0.04228   0.01879   0.04845
    10/599      6.3G   0.04029    0.0131   0.02783   0.08122         1       640    0.1648    0.3801    0.3673    0.1899    0.0411   0.01732   0.04287
    11/599      6.3G   0.03894   0.01312   0.02583    0.0779         3       640    0.1662    0.3352    0.3274    0.1888   0.04053   0.01871   0.04365
    12/599      6.3G   0.03854   0.01294   0.02555   0.07702         4       640    0.1744    0.3708    0.3485    0.2137   0.04218    0.0201   0.04003
    13/599      6.3G   0.03705    0.0126   0.02305   0.07271         4       640    0.2016    0.4105    0.3985    0.2338   0.03855   0.01844   0.03974
    14/599      6.3G   0.03622   0.01181   0.02191   0.06994         1       640    0.2072    0.4199    0.4214    0.2346   0.03835    0.0197   0.03876
    15/599      6.3G   0.03704   0.01224   0.02208   0.07135         4       640    0.2239    0.4374    0.4504    0.2423   0.03733   0.01898   0.03778
    16/599      6.3G   0.03642   0.01183    0.0205   0.06876         3       640    0.2141    0.4372    0.4618    0.2584     0.037   0.01654    0.0358
    17/599      6.3G   0.03483   0.01153   0.01966   0.06602         2       640    0.2049    0.4231    0.4328    0.2617   0.03603   0.02018   0.03628
    18/599      6.3G   0.03469   0.01146   0.01851   0.06466         2       640    0.2517     0.488    0.5072    0.3006    0.0369   0.01685   0.03352
    19/599      6.3G   0.03457   0.01142   0.01784   0.06384         4       640    0.2515    0.4576    0.4942    0.2902    0.0379   0.02042   0.03318
    20/599      6.3G   0.03412   0.01087   0.01775   0.06275         3       640    0.2638    0.4768    0.4928    0.2924   0.03697   0.01754   0.03428
    21/599      6.3G   0.03364   0.01096   0.01778   0.06238         2       640    0.2474    0.4891    0.5179    0.2985   0.03559   0.01613   0.03454
    22/599      6.3G   0.03214   0.01128   0.01772   0.06114         1       640     0.273    0.5016    0.5426    0.3282   0.03314   0.01866   0.03398
    23/599      6.3G   0.03255   0.01063   0.01671    0.0599         2       640    0.3124    0.5254    0.5695    0.3507   0.03493   0.01404   0.02942
    24/599      6.3G   0.03227   0.01066   0.01541   0.05834         4       640    0.2936    0.5446    0.5677    0.3572   0.03458   0.01325   0.02863
    25/599      6.3G   0.03201   0.01075   0.01513   0.05789         4       640    0.2914    0.5385    0.5477    0.3515   0.03621    0.0198   0.03363
    26/599      6.3G   0.03281   0.01058    0.0154    0.0588         1       640    0.3211    0.5756    0.5743    0.3337    0.0358   0.01849   0.03083
    27/599      6.3G   0.03168   0.01068   0.01493   0.05729         4       640    0.3012    0.5838    0.5853    0.3351   0.03444   0.01544   0.02971
    28/599      6.3G   0.03158   0.01023   0.01502   0.05683         1       640    0.3124    0.6097    0.6081    0.3646   0.03103   0.01467   0.02847
    29/599      6.3G   0.03122    0.0102   0.01465   0.05606         6       640    0.3027    0.5571    0.5743    0.3376    0.0344   0.01689   0.02848
    30/599      6.3G   0.03099   0.01022   0.01484   0.05605         3       640    0.3428    0.6716    0.6847    0.4269   0.03343   0.01672   0.02673
    31/599      6.3G   0.03056   0.01038   0.01469   0.05563         3       640    0.3436    0.6428    0.6391     0.395   0.03253   0.01689   0.02672
    32/599      6.3G   0.03084   0.01026   0.01422   0.05532         5       640    0.2982    0.6154    0.6536    0.3725   0.03433   0.01552   0.02404
    33/599      6.3G   0.03031   0.01008   0.01326   0.05365         4       640    0.3134    0.6797     0.671    0.4144    0.0328   0.01361   0.02379
    34/599      6.3G   0.03021   0.01016   0.01276   0.05312         4       640    0.3178    0.6073    0.6501    0.4295   0.03229   0.01652   0.02592
    35/599      6.3G   0.03042   0.01003   0.01309   0.05354         2       640    0.2978    0.6268    0.6343    0.3969   0.03379   0.01521   0.02449
    36/599      6.3G   0.02967  0.009971   0.01254   0.05218         2       640    0.4208    0.7198    0.7104    0.4249   0.03266   0.01403   0.02412
    37/599      6.3G   0.02947  0.009862   0.01257    0.0519         4       640     0.369    0.6931    0.6854    0.4392   0.03221   0.01401    0.0247
    38/599      6.3G   0.02909  0.009868   0.01225   0.05121         2       640    0.3377    0.6618    0.6683    0.4289   0.03047   0.01479   0.02229
    39/599      6.3G   0.02939  0.009872   0.01158   0.05084         5       640     0.392     0.722    0.7039    0.4376   0.03229   0.01695   0.02301
    40/599      6.3G   0.02899  0.009737   0.01176   0.05049         4       640    0.3655     0.716    0.7186    0.4418   0.03176   0.01516   0.02078
    41/599      6.3G   0.02842  0.009475   0.01101   0.04891         1       640    0.3302    0.7199    0.6829    0.4461   0.03033   0.01403   0.02187
    42/599      6.3G   0.02832   0.00968   0.01144   0.04944         3       640    0.3445    0.7112    0.7282    0.4652   0.02963   0.01492   0.02046
    43/599      6.3G   0.02839  0.009437   0.01151   0.04934         2       640      0.39     0.748    0.7433    0.4608   0.03211   0.01601   0.02112
    44/599      6.3G   0.02894  0.009532   0.01124   0.04971         1       640    0.3574    0.7449    0.7288     0.483   0.03145    0.0147   0.02094
    45/599      6.3G   0.02849  0.009463    0.0111   0.04906         2       640    0.3242    0.7135    0.7129    0.4577   0.02943   0.01284   0.02121
    46/599      6.3G   0.02765  0.009136   0.01087   0.04765         2       640     0.379    0.7224     0.736    0.4765   0.03088   0.01413   0.02182
    47/599      6.3G   0.02767  0.009213   0.01097   0.04786         2       640    0.3546    0.7346    0.7181    0.4798   0.03068   0.01413   0.01963
    48/599      6.3G   0.02829  0.009347   0.01048   0.04812         4       640    0.3467    0.7001    0.7082    0.4468   0.02959   0.01662   0.02192
    49/599      6.3G   0.02734   0.00932   0.01017   0.04683         4       640    0.3648    0.7156    0.7107    0.4575   0.03027    0.0155   0.02224
    50/599      6.3G   0.02764  0.009364   0.01023   0.04723         2       640    0.3795    0.7102    0.7261    0.4868   0.03158   0.01596    0.0215
    51/599      6.3G    0.0277  0.009076   0.01005   0.04683         3       640    0.3562    0.7296    0.7318      0.51   0.02905   0.01432   0.02027
    52/599      6.3G   0.02791  0.009113   0.01059   0.04761         1       640    0.3701    0.7434    0.7266    0.5083   0.03088   0.01457   0.01822
    53/599      6.3G   0.02718  0.009459   0.00938   0.04602         4       640    0.4368    0.7887    0.7985    0.5252   0.02865   0.01466   0.01809
    54/599      6.3G   0.02761  0.009191   0.01013   0.04693         2       640    0.3902    0.7459    0.7212    0.4636   0.03113   0.01602   0.02053
    55/599      6.3G   0.02746  0.009238  0.009675   0.04638         1       640     0.354    0.7154     0.737    0.4819   0.03048   0.01345   0.02065
    56/599      6.3G    0.0264  0.008914  0.008727   0.04404         1       640    0.4446    0.8117    0.8276    0.5326   0.03006    0.0128   0.01843
    57/599      6.3G   0.02656  0.009063  0.009469   0.04509         4       640    0.3795    0.7542    0.7753    0.5421   0.02929   0.01509   0.02065
    58/599      6.3G    0.0274   0.00936  0.009837   0.04659         5       640    0.3782     0.757    0.7672      0.52   0.03048   0.01366   0.01878
    59/599      6.3G   0.02714  0.009096   0.01033   0.04656         2       640    0.3778    0.7433    0.7215    0.5017   0.03044    0.0143   0.02217
    60/599      6.3G   0.02698  0.009285   0.01028   0.04654         3       640      0.38    0.7742    0.7881    0.5176   0.03154   0.01304   0.01849
    61/599      6.3G   0.02667  0.008962   0.00996   0.04559         1       640    0.4259    0.8126    0.7824    0.5165    0.0312   0.01656   0.01958
    62/599      6.3G   0.02715   0.00907  0.008505   0.04472         3       640    0.4051    0.8145    0.7816    0.5202   0.03028   0.01258   0.01695
    63/599      6.3G   0.02661  0.008934   0.00849   0.04403         2       640    0.3904    0.8279    0.7998    0.5391   0.02902   0.01379   0.01677
    64/599      6.3G   0.02646  0.008781   0.00869   0.04393         5       640    0.4465     0.821     0.835    0.5642    0.0293   0.01529   0.01771
    65/599      6.3G   0.02631  0.009187  0.009417   0.04491         4       640    0.4038    0.8107    0.7984    0.5365   0.02867   0.01331   0.01948
    66/599      6.3G   0.02641  0.009118  0.009966    0.0455         1       640    0.4438    0.8468    0.8408    0.5598   0.02865   0.01281   0.01662
    67/599      6.3G   0.02601   0.00903  0.008353    0.0434         2       640    0.4491     0.853    0.8587    0.5617   0.02894   0.01367   0.01618
    68/599      6.3G   0.02556  0.008702  0.008243   0.04251         1       640    0.4324    0.8251    0.8393    0.5569   0.02914   0.01368   0.01639
    69/599      6.3G    0.0257  0.008965  0.008735    0.0434         2       640     0.433    0.8038    0.8106    0.5469   0.02749   0.01351   0.01646
    70/599      6.3G   0.02593   0.00879  0.008528   0.04325         3       640    0.4862    0.8908    0.8379    0.5552   0.02897   0.01548   0.01594
    71/599      6.3G   0.02566  0.008877  0.008263    0.0428         2       640    0.4838    0.8813    0.8648    0.5937   0.02852   0.01351   0.01483
    72/599      6.3G   0.02524  0.008645  0.007781   0.04166         1       640    0.4637    0.8519    0.8715     0.573   0.02735   0.01346   0.01638
    73/599      6.3G   0.02559  0.008614   0.00774   0.04194         3       640    0.4713    0.8702    0.8578    0.5872   0.02844   0.01411    0.0159
    74/599      6.3G   0.02507  0.008678  0.007548    0.0413         5       640     0.496    0.8927    0.8746    0.5812   0.02933   0.01378   0.01477
    75/599      6.3G   0.02491  0.008377  0.008059   0.04134         4       640    0.4715     0.856    0.8595    0.6051   0.02808   0.01315   0.01531
    76/599      6.3G    0.0247  0.008455  0.007746    0.0409         6       640    0.4601    0.8621    0.8586    0.5883   0.02864   0.01617   0.01658
    77/599      6.3G   0.02508  0.008443  0.007114   0.04064         2       640    0.4523    0.8831    0.8799    0.6228   0.02812   0.01267   0.01356
    78/599      6.3G   0.02515  0.008567   0.00755   0.04127         6       640    0.4824    0.8442    0.8543    0.5865   0.02799   0.01336   0.01523
    79/599      6.3G   0.02494  0.008354  0.007604    0.0409         3       640    0.4605    0.8873    0.8638    0.6027   0.02746   0.01373   0.01497
    80/599      6.3G     0.025  0.008191  0.006978   0.04017         2       640    0.4564    0.8858    0.8652    0.5566   0.02792   0.01433   0.01306
    81/599      6.3G   0.02533  0.008372  0.007978   0.04168         6       640    0.4512    0.9022    0.9061    0.6143   0.02737   0.01409   0.01412
    82/599      6.3G   0.02478  0.008613   0.00775   0.04114         5       640    0.4914    0.8558    0.8381    0.5609   0.02995   0.01515   0.01541
    83/599      6.3G   0.02532  0.008417  0.007746   0.04149         5       640    0.4606    0.8977    0.8477    0.5441   0.03056   0.01305   0.01398
    84/599      6.3G   0.02497  0.008743  0.007899   0.04162         6       640    0.4462    0.8826    0.8482    0.5489   0.02823   0.01335   0.01365
    85/599      6.3G   0.02613  0.008807  0.007778   0.04272         3       640    0.4298    0.8912    0.8712    0.5468   0.02944   0.01361   0.01578
    86/599      6.3G   0.02454   0.00841  0.007017   0.03996         3       640     0.462    0.9111    0.9069    0.6031   0.02626    0.0121   0.01308
    87/599      6.3G   0.02444  0.008338  0.007136   0.03992         3       640    0.4451    0.8851    0.8861    0.6385   0.02632   0.01181   0.01304
    88/599      6.3G   0.02436  0.008741  0.007644   0.04075         4       640    0.4381    0.8934    0.8734    0.5849   0.02854   0.01314   0.01214
    89/599      6.3G   0.02449  0.008474  0.007106   0.04007         3       640    0.4786    0.8993    0.8864    0.6135   0.02693   0.01277   0.01226
    90/599      6.3G   0.02408   0.00821  0.006876   0.03916         4       640    0.4866     0.898    0.8696    0.5806   0.02669   0.01285   0.01237
    91/599      6.3G   0.02458  0.008433  0.006978   0.03999         4       640    0.5004    0.9195    0.9009    0.6213   0.02628    0.0128   0.01399
    92/599      6.3G   0.02372  0.008255  0.006609   0.03858         2       640    0.4568    0.8883    0.8944    0.6381   0.02571   0.01378   0.01228
    93/599      6.3G   0.02421    0.0083  0.006901   0.03941         3       640    0.4564    0.8979    0.9048     0.616   0.02703   0.01295   0.01309
    94/599      6.3G   0.02418  0.008255  0.006787   0.03922         3       640    0.4401     0.877    0.8793    0.6102   0.02799   0.01284   0.01288
    95/599      6.3G   0.02408  0.008247   0.00732   0.03965         4       640    0.4848    0.9018    0.9028     0.659   0.02613   0.01371   0.01328
    96/599      6.3G   0.02378  0.008073  0.006218   0.03807         4       640    0.4902    0.9165    0.9087    0.6215   0.02706   0.01415   0.01187
    97/599      6.3G   0.02397  0.008182  0.006405   0.03856         4       640    0.4812    0.9208    0.9111    0.6658   0.02542   0.01201   0.01088
    98/599      6.3G   0.02357  0.008101     0.006   0.03768         3       640    0.4652     0.886    0.8965    0.6371   0.02673   0.01394   0.01353
    99/599      6.3G    0.0239  0.007968  0.006226    0.0381         2       640    0.4941    0.9062    0.9073    0.6566   0.02596   0.01189   0.01327
   100/599      6.3G     0.024  0.008104  0.006499   0.03861         3       640    0.5055    0.9063    0.8992    0.6341   0.02634   0.01154   0.01216
   101/599      6.3G   0.02363  0.008065  0.006967   0.03866         2       640    0.4942    0.9106    0.9123    0.6608    0.0252   0.01233   0.01193
   102/599      6.3G    0.0237  0.007903  0.006468   0.03807         4       640    0.4728    0.9059    0.9074    0.6501   0.02603   0.01296   0.01312
   103/599      6.3G   0.02377  0.007957  0.006907   0.03863         4       640    0.4893    0.9191    0.9072    0.6314   0.02519    0.0122    0.0109
   104/599      6.3G   0.02347  0.007879  0.006448    0.0378         1       640    0.5098    0.9242    0.9062    0.6488   0.02629   0.01242   0.01197
   105/599      6.3G    0.0238  0.008106  0.006963   0.03887         3       640    0.5009    0.9094    0.9104    0.6512   0.02578   0.01239   0.01268
   106/599      6.3G   0.02338  0.008081    0.0071   0.03857         2       640    0.4893    0.9089    0.9018     0.656   0.02672   0.01237    0.0122
   107/599      6.3G   0.02315  0.007988  0.006787   0.03792         3       640    0.4965    0.9348    0.9152    0.6174   0.02606    0.0123   0.01029
   108/599      6.3G   0.02358  0.007915  0.006343   0.03783         5       640    0.5095    0.9077    0.9151    0.6482   0.02778    0.0125   0.01059
   109/599      6.3G   0.02352  0.008016  0.006635   0.03817         5       640    0.5217    0.9257    0.9215    0.6751   0.02405   0.01152   0.01146
   110/599      6.3G   0.02283  0.007965  0.006285   0.03708         2       640    0.5129    0.9309    0.9153    0.6548   0.02579   0.01387   0.01165
   111/599      6.3G   0.02338  0.007915  0.006044   0.03734         2       640    0.4973    0.9044    0.9189    0.6722   0.02499   0.01292   0.01043
   112/599      6.3G   0.02363  0.007922   0.00632   0.03787         5       640    0.5208    0.9399     0.943    0.6755   0.02483   0.01458   0.01143
   113/599      6.3G   0.02308  0.008095  0.006097   0.03728         4       640    0.4996    0.9334    0.9296     0.672   0.02445   0.01139   0.01015
   114/599      6.3G   0.02287  0.008118  0.006188   0.03718         3       640    0.5153    0.9346    0.9214    0.6735   0.02567   0.01349   0.01146
   115/599      6.3G   0.02284  0.007959  0.005758   0.03655         4       640    0.5057    0.9317    0.9357    0.6815   0.02825   0.01264   0.01052
   116/599      6.3G   0.02249  0.007698  0.005567   0.03575         2       640    0.5195    0.9321    0.9268    0.6724   0.02465   0.01222   0.01075
   117/599      6.3G   0.02267  0.007874  0.006263    0.0368         4       640    0.5197    0.9278    0.9283    0.6429   0.02515   0.01322   0.01081
   118/599      6.3G   0.02241  0.007983   0.00552   0.03592         5       640    0.5147    0.9398    0.9479    0.7049   0.02496   0.01162   0.01092
   119/599      6.3G   0.02226  0.007584  0.005526   0.03537         2       640     0.492    0.9315    0.9222    0.6567   0.02549   0.01389   0.01131
   120/599      6.3G   0.02333   0.00803  0.006024   0.03739         2       640    0.5221     0.927    0.9263    0.6668   0.02468   0.01177  0.009539
   121/599      6.3G   0.02294   0.00792   0.00545   0.03631         1       640    0.5305    0.9407    0.9399    0.6756   0.02535   0.01335    0.0105
   122/599      6.3G   0.02265  0.007805  0.005806   0.03626         4       640    0.5044    0.9367    0.9343    0.6987   0.02403   0.01212  0.009369
   123/599      6.3G   0.02252  0.007558  0.005571   0.03565         3       640    0.5351    0.9499    0.9461     0.654   0.02675   0.01266   0.01022
   124/599      6.3G   0.02291   0.00788  0.005469   0.03626         6       640    0.5134    0.9324    0.9248    0.6791   0.02486   0.01219   0.01114
   125/599      6.3G   0.02231    0.0077  0.005831   0.03584         3       640    0.5391    0.9283    0.9179    0.6687    0.0243   0.01401   0.01102
   126/599      6.3G   0.02263  0.007527  0.006095   0.03625         5       640    0.5472    0.9496    0.9398    0.6897    0.0249   0.01212   0.01204
   127/599      6.3G   0.02304  0.007725  0.006356   0.03712         2       640    0.5067    0.9259    0.9197    0.6499   0.02518   0.01175   0.01116
   128/599      6.3G   0.02235  0.007467  0.005442   0.03526         4       640    0.5337    0.9329    0.9363    0.6904   0.02353   0.01225   0.01085
   129/599      6.3G   0.02202  0.007379  0.005629   0.03503         4       640    0.5127    0.9388    0.9359    0.6792    0.0247   0.01462   0.01123
   130/599      6.3G   0.02196  0.007781  0.005743   0.03549         3       640    0.5513    0.9479    0.9396    0.6923   0.02425   0.01355   0.01076
   131/599      6.3G   0.02228  0.007798  0.005738   0.03582         2       640    0.5484    0.9465    0.9422    0.6833     0.024   0.01371   0.01007
   132/599      6.3G   0.02242  0.007685  0.005382   0.03549         4       640    0.5158    0.9381    0.9428    0.6871   0.02514   0.01249  0.009327
   133/599      6.3G   0.02237  0.007658   0.00568   0.03571         4       640    0.5324    0.9373    0.9478    0.6822   0.02532   0.01357  0.009645
   134/599      6.3G   0.02203  0.007223  0.005031   0.03428         4       640    0.5338    0.9449    0.9352    0.7035   0.02438    0.0133   0.01037
   135/599      6.3G   0.02167  0.007586  0.005397   0.03465         4       640    0.5369     0.939    0.9353    0.6741   0.02329   0.01198  0.008565
   136/599      6.3G   0.02185  0.007442  0.005467   0.03475         6       640    0.5035    0.9307    0.9326    0.6812   0.02565    0.0119  0.009591
   137/599      6.3G   0.02182  0.007574  0.005219   0.03461         5       640    0.5133    0.9195    0.9167    0.6754   0.02465   0.01191   0.00928
   138/599      6.3G   0.02158  0.007599  0.005803   0.03498         4       640     0.525    0.9367    0.9338    0.6934   0.02424   0.01254  0.008487
   139/599      6.3G   0.02189  0.007453  0.005171   0.03452         1       640    0.5303     0.938    0.9344     0.696   0.02537   0.01281  0.009143
   140/599      6.3G    0.0212  0.007623  0.005564   0.03439         3       640    0.5388     0.929    0.9395    0.6959   0.02476   0.01156  0.008753
   141/599      6.3G   0.02158  0.007667  0.005736   0.03498         1       640    0.5548     0.962     0.951    0.7103   0.02491   0.01303  0.008476
   142/599      6.3G   0.02153  0.007603  0.005584   0.03471         2       640    0.5218    0.9356    0.9325     0.697     0.024   0.01256  0.009995
   143/599      6.3G   0.02205  0.007473  0.006055   0.03558         2       640    0.5379    0.9508    0.9508    0.7167   0.02491   0.01372   0.01049
   144/599      6.3G   0.02184  0.007647  0.005714    0.0352         1       640     0.546    0.9445    0.9335    0.7004   0.02432   0.01372  0.009454
   145/599      6.3G   0.02248  0.008016  0.006085   0.03658         3       640    0.5632    0.9527    0.9462    0.6881   0.02381   0.01242  0.008251
   146/599      6.3G   0.02176  0.007563  0.005199   0.03452         5       640    0.5315    0.9611    0.9571    0.6994   0.02369    0.0168  0.008194
   147/599      6.3G   0.02161  0.007293  0.005298    0.0342         2       640    0.5481    0.9441    0.9456    0.7167   0.02381   0.01396  0.008914
   148/599      6.3G   0.02181  0.007427  0.004959    0.0342         1       640    0.5402    0.9404    0.9459    0.7198   0.02283   0.01202  0.008501
   149/599      6.3G   0.02199  0.007192  0.005045   0.03423         2       640    0.5336    0.9346    0.9409    0.6882    0.0234   0.01204  0.009273
   150/599      6.3G   0.02164   0.00743  0.005192   0.03426         4       640     0.559    0.9521    0.9448    0.7285   0.02259   0.01211  0.008665
   151/599      6.3G   0.02152  0.007407  0.005142   0.03407         2       640    0.5462    0.9544     0.947    0.7272   0.02335   0.01297  0.008754
   152/599      6.3G   0.02111  0.007418   0.00508   0.03361         4       640    0.5522    0.9678    0.9517    0.7115   0.02429   0.01285  0.008729
   153/599      6.3G   0.02164  0.007475  0.005438   0.03455         4       640    0.5509    0.9509    0.9587    0.7315   0.02337   0.01301  0.008382
   154/599      6.3G   0.02154  0.007343  0.005292   0.03417         3       640    0.5621    0.9532    0.9467    0.7106   0.02433    0.0142  0.008547
   155/599      6.3G    0.0217  0.007558  0.005389   0.03465         2       640    0.5624    0.9566    0.9441    0.7228   0.02374   0.01231  0.008595
   156/599      6.3G   0.02196  0.007364  0.004826   0.03415         3       640     0.567    0.9695     0.962    0.7212   0.02372   0.01134  0.008318
   157/599      6.3G   0.02155  0.007613  0.004815   0.03398         2       640    0.5718    0.9594    0.9561    0.7336   0.02549   0.01185  0.009073
   158/599      6.3G   0.02129  0.007372  0.004983   0.03365         2       640     0.581    0.9625    0.9578    0.7409   0.02454   0.01144   0.01048
   159/599      6.3G   0.02125  0.007481  0.005136   0.03386         2       640     0.589    0.9672    0.9623    0.7475   0.02404    0.0109   0.01042
   160/599      6.3G   0.02165  0.007318  0.006049   0.03502         2       640    0.5846    0.9682    0.9659    0.7269   0.02233   0.01109  0.007271
   161/599      6.3G   0.02103  0.007374  0.004981   0.03338         6       640    0.5641     0.965    0.9629    0.7181    0.0239   0.01041  0.008697
   162/599      6.3G   0.02108  0.007311  0.005002   0.03339         3       640    0.5663    0.9701     0.962    0.7515   0.02459   0.01183   0.01484
   163/599      6.3G   0.02068  0.007036  0.004746   0.03246         3       640    0.5849    0.9663    0.9649    0.7301   0.02418   0.01097   0.01268
   164/599      6.3G   0.02082  0.007265  0.004733   0.03281         3       640    0.5806     0.966    0.9633    0.7552   0.02388   0.01213  0.008285
   165/599      6.3G   0.02133  0.007431  0.004785   0.03354         5       640    0.5668    0.9673    0.9586    0.7506   0.02266    0.0124  0.007641
   166/599      6.3G   0.02048  0.007212   0.00449   0.03218         3       640     0.583    0.9685    0.9535    0.7483   0.02269   0.01162  0.007671
   167/599      6.3G   0.02099  0.007257   0.00505    0.0333         3       640    0.5855    0.9685    0.9656    0.7576   0.02207   0.01155  0.007615
   168/599      6.3G   0.02084   0.00722  0.004501   0.03257         4       640     0.571    0.9624    0.9631    0.7636   0.02237   0.01199  0.008231
   169/599      6.3G   0.02061  0.006941  0.004297   0.03185         1       640    0.5835    0.9632    0.9609    0.7525   0.02294   0.01204  0.007765
   170/599      6.3G   0.02105  0.006997  0.005037   0.03308         4       640     0.569     0.964    0.9629    0.7525   0.02392   0.01157  0.009791
   171/599      6.3G    0.0207  0.007309   0.00464   0.03265         4       640     0.585    0.9651    0.9636    0.7539   0.02371   0.01286  0.007682
   172/599      6.3G   0.02082  0.007069  0.004785   0.03267         6       640    0.5783    0.9561    0.9486    0.7272   0.02343   0.01354  0.007217
   173/599      6.3G    0.0205  0.006989  0.005122   0.03261         2       640    0.5735    0.9632     0.959    0.7455   0.02335   0.01301  0.006827
   174/599      6.3G   0.02093  0.007868  0.004936   0.03373        10       640    0.5657     0.953    0.9556    0.7382   0.02364   0.01188  0.007209
   175/599      6.3G    0.0205  0.007108  0.004996   0.03261         2       640    0.5777    0.9646    0.9641    0.7538   0.02291   0.01227  0.007463
   176/599      6.3G   0.02045  0.007098  0.005225   0.03277         2       640    0.5482    0.9484    0.9548    0.7286    0.0235    0.0117  0.009017
   177/599      6.3G   0.02032  0.007479  0.005061   0.03286         3       640    0.5775    0.9644     0.963    0.7501   0.02257   0.01156  0.008704
   178/599      6.3G   0.02114  0.007369  0.005274   0.03379         4       640    0.5644    0.9703    0.9648    0.7526   0.02254   0.01135  0.008407
   179/599      6.3G   0.02098  0.007272  0.004724   0.03298         1       640     0.559     0.965    0.9629    0.7386   0.02337   0.01151  0.009072
   180/599      6.3G   0.02007  0.006877  0.005038   0.03198         3       640    0.5785    0.9689    0.9684    0.7465    0.0227   0.01178  0.008378
   181/599      6.3G   0.02033  0.006897  0.004857   0.03208         1       640     0.578    0.9619    0.9611    0.7542   0.02327   0.01211  0.007556
   182/599      6.3G   0.02073  0.007178   0.00446   0.03237         4       640    0.5815    0.9544    0.9572    0.7575   0.02387    0.0119  0.007765
   183/599      6.3G   0.02063  0.007171  0.005051   0.03285         4       640    0.5748    0.9658    0.9625    0.7453   0.02402    0.0136  0.007579
   184/599      6.3G   0.02063  0.007531  0.004801   0.03296         6       640    0.5703    0.9643    0.9605    0.7593   0.02339    0.0138  0.007351
   185/599      6.3G   0.02052  0.007062  0.004453   0.03203         2       640     0.582    0.9735    0.9675    0.7297   0.02408   0.01264  0.007768
   186/599      6.3G   0.02014  0.006988   0.00447    0.0316         2       640    0.5771    0.9704    0.9668    0.7409   0.02431   0.01338  0.007719
   187/599      6.3G   0.02017  0.007173  0.004643   0.03199         0       640    0.5738    0.9709    0.9667    0.7466   0.02383   0.01278  0.007865
   188/599      6.3G   0.02067  0.007362  0.004597   0.03263         3       640    0.5814    0.9666    0.9533    0.7438   0.02292   0.01266  0.007861
   189/599      6.3G   0.02067  0.007403  0.004876   0.03295         4       640    0.5858    0.9641    0.9535    0.7418   0.02216   0.01147  0.007949
   190/599      6.3G   0.02042  0.007171  0.004596   0.03219         3       640    0.5661    0.9573    0.9438    0.7307   0.02258   0.01286  0.008272
   191/599      6.3G   0.02005  0.007037  0.004775   0.03186         1       640    0.5559    0.9414    0.9452    0.7488   0.02285   0.01214   0.00776
   192/599      6.3G    0.0203  0.007162  0.004486   0.03195         1       640    0.5461    0.9414    0.9475    0.7461    0.0228   0.01333  0.007411
   193/599      6.3G   0.01985  0.007074  0.004528   0.03145         1       640    0.5852    0.9605    0.9576    0.7694   0.02215   0.01288  0.006845
   194/599      6.3G      0.02  0.006923  0.004575    0.0315         1       640    0.5733    0.9651    0.9603    0.7769   0.02131   0.01262  0.007071
   195/599      6.3G   0.02042  0.007102  0.004318   0.03184         4       640    0.5834    0.9702    0.9608    0.7641   0.02099    0.0115  0.007222
   196/599      6.3G   0.01978  0.006874  0.004322   0.03098         4       640    0.5951    0.9654    0.9584    0.7643   0.02206   0.01171  0.007442
   197/599      6.3G   0.01973  0.006954  0.004259   0.03095         4       640    0.6054    0.9678    0.9594    0.7593    0.0235    0.0118  0.008255
   198/599      6.3G   0.01995  0.007104  0.003849    0.0309         3       640    0.5865    0.9671      0.96    0.7639   0.02409   0.01106   0.00877
   199/599      6.3G   0.01954  0.006629  0.004065   0.03023         2       640    0.5792    0.9735    0.9618    0.7648   0.02404   0.01057  0.008804
   200/599      6.3G   0.01998  0.006737  0.003929   0.03064         1       640    0.5992    0.9713    0.9621    0.7877   0.02302   0.01121  0.008335
   201/599      6.3G   0.02018  0.006975  0.004565   0.03172         4       640    0.5825    0.9713    0.9567    0.7596    0.0224   0.01201  0.008061
   202/599      6.3G   0.02015  0.006891  0.004302   0.03134         4       640    0.5857    0.9666    0.9527    0.7611   0.02194   0.01301  0.008466
   203/599      6.3G    0.0197  0.006995  0.004167   0.03086         1       640    0.5775    0.9655    0.9568     0.776   0.02133   0.01215  0.008197
   204/599      6.3G   0.01969  0.006716  0.003912   0.03032         2       640    0.5808    0.9635    0.9606    0.7724   0.02096   0.01176  0.007402
   205/599      6.3G   0.01935  0.006939  0.004052   0.03034         4       640    0.5696    0.9653    0.9593    0.7853   0.02034   0.01133  0.007296
   206/599      6.3G   0.01976  0.006753  0.004225   0.03074         2       640    0.5762    0.9609    0.9523    0.7711   0.02003   0.01145  0.007793
   207/599      6.3G   0.01982  0.007071   0.00417   0.03106         6       640    0.5809    0.9638    0.9541    0.7671   0.02009   0.01118  0.006773
   208/599      6.3G   0.01964  0.006826  0.004023   0.03049         2       640    0.5834    0.9656    0.9588    0.7518   0.02051   0.01099  0.006546
   209/599      6.3G   0.02008  0.006916  0.004145   0.03114         2       640    0.5899    0.9647     0.964    0.7663   0.02132   0.01094  0.006834
   210/599      6.3G   0.01944  0.006715  0.004097   0.03025         4       640    0.5848    0.9652    0.9674    0.7845   0.02125   0.01075  0.007504
   211/599      6.3G    0.0194  0.006768  0.004214   0.03038         3       640    0.5946    0.9771    0.9686    0.7736   0.02198   0.01056  0.007482
   212/599      6.3G   0.01941  0.006779  0.004299   0.03049         2       640    0.5907    0.9717    0.9691    0.7805   0.02116   0.01023  0.006212
   213/599      6.3G   0.01915  0.006684  0.004109   0.02994         1       640     0.605    0.9754    0.9731    0.7673     0.021   0.01048  0.006205
   214/599      6.3G   0.01953   0.00658  0.004194    0.0303         1       640    0.6083     0.973    0.9691    0.7909   0.02041   0.01105  0.005953
   215/599      6.3G   0.01943  0.006696   0.00413   0.03026         1       640    0.6023    0.9722    0.9616    0.7914    0.0207   0.01099  0.006244
   216/599      6.3G   0.01928  0.007023   0.00417   0.03047         5       640    0.5959    0.9756    0.9627    0.7723   0.02131   0.01115   0.00646
   217/599      6.3G    0.0192  0.006911  0.003888      0.03         1       640    0.5936    0.9661    0.9679      0.79   0.02126   0.01129  0.006645
   218/599      6.3G   0.01892  0.006611  0.004282   0.02981         4       640    0.5873    0.9711    0.9684    0.7891   0.02079   0.01118  0.006426
   219/599      6.3G   0.01962  0.006923  0.004283   0.03083         3       640     0.599    0.9711    0.9649    0.7793   0.02052   0.01122  0.006282
   220/599      6.3G    0.0194   0.00688  0.004148   0.03043         3       640    0.5954    0.9688    0.9643    0.7869   0.02016    0.0112  0.006403
   221/599      6.3G   0.01896  0.006746  0.004397    0.0301         3       640    0.5898    0.9696    0.9661    0.7974   0.02007   0.01113  0.007037
   222/599      6.3G   0.01963  0.007175  0.004289   0.03109         4       640    0.5976    0.9717    0.9695    0.7944   0.02044   0.01093  0.007547
   223/599      6.3G   0.01925  0.006675  0.004356   0.03029         1       640    0.5884    0.9625    0.9632    0.7788   0.02121   0.01109  0.006428
   224/599      6.3G   0.01936  0.006844  0.004014   0.03021         1       640    0.5851    0.9646     0.964    0.7838   0.02111   0.01149  0.006013
   225/599      6.3G   0.01946  0.006639  0.004697    0.0308         2       640    0.5887     0.968    0.9662    0.7772   0.02097   0.01108  0.005618
   226/599      6.3G   0.01918  0.006638  0.004288   0.03011         1       640    0.5944    0.9672    0.9672    0.7929   0.02095   0.01113   0.00581
   227/599      6.3G   0.01892   0.00682  0.003947   0.02969         1       640     0.588    0.9726    0.9686    0.7805   0.02083   0.01072  0.005935
   228/599      6.3G   0.01902  0.006705  0.004079    0.0298         3       640    0.5922    0.9693    0.9691    0.7938   0.02074   0.01078  0.006004
   229/599      6.3G   0.01873  0.006655   0.00363   0.02901         4       640    0.5803    0.9711     0.962    0.7848   0.02148    0.0107  0.006184
   230/599      6.3G   0.01882  0.006769  0.003946   0.02953         2       640    0.5852    0.9742    0.9686    0.7787    0.0218   0.01083  0.006296
   231/599      6.3G   0.01886   0.00672  0.003758   0.02934         2       640     0.603    0.9749    0.9712    0.7833   0.02215   0.01118  0.006561
   232/599      6.3G   0.01897  0.006779  0.003686   0.02943         2       640    0.6027    0.9719    0.9673    0.7777   0.02191   0.01027  0.006187
   233/599      6.3G   0.01886  0.006509  0.003849   0.02921         4       640    0.5917    0.9734     0.968    0.7884   0.02133   0.01043  0.005999
   234/599      6.3G   0.01844  0.006724  0.003757   0.02892         4       640    0.5909    0.9737    0.9675    0.7866   0.02146   0.01093   0.00592
   235/599      6.3G   0.01859  0.006677  0.003856   0.02913         4       640    0.5935     0.973    0.9691     0.809   0.02208   0.01091  0.006117
   236/599      6.3G   0.01888  0.006428  0.003935   0.02925         4       640    0.5898     0.973    0.9688    0.7898   0.02202   0.01078  0.006159
   237/599      6.3G   0.01873  0.006595  0.003644   0.02897         4       640    0.5945    0.9756    0.9701    0.7891    0.0215   0.01128  0.006315
   238/599      6.3G   0.01904  0.006684   0.00378   0.02951         5       640    0.5787    0.9686    0.9652    0.7897   0.02092   0.01085  0.006212
   239/599      6.3G   0.01828  0.006692  0.004077   0.02905         1       640    0.5889    0.9761    0.9705    0.7904   0.02078   0.01057  0.006289
   240/599      6.3G   0.01859  0.006615  0.003552   0.02876         4       640    0.5961    0.9725    0.9663    0.7827    0.0204   0.01103  0.006198
   241/599      6.3G   0.01891  0.006628  0.003584   0.02912         3       640    0.5942    0.9661    0.9651    0.8034   0.02001   0.01144  0.006033
   242/599      6.3G   0.01852  0.006442  0.004441    0.0294         1       640    0.5995     0.973     0.967    0.7966   0.02013   0.01154  0.006085
   243/599      6.3G   0.01861  0.006559  0.003543   0.02871         2       640     0.594    0.9774    0.9705    0.7998    0.0201   0.01269  0.006076
   244/599      6.3G   0.01833  0.006537  0.003518   0.02838         6       640    0.5832    0.9703     0.968      0.79    0.0203   0.01197  0.005575
   245/599      6.3G   0.01819  0.006533  0.003329   0.02805         3       640    0.5928    0.9766    0.9704    0.8013   0.02021   0.01139  0.005372
   246/599      6.3G   0.01822  0.006546   0.00404   0.02881         4       640    0.5856    0.9762    0.9718    0.7924   0.02041   0.01155  0.005347
   247/599      6.3G   0.01847  0.006792   0.00394    0.0292         3       640    0.5845    0.9691    0.9676    0.8029   0.02032   0.01167  0.005421
   248/599      6.3G   0.01882  0.006369  0.003482   0.02867         3       640    0.5793      0.96    0.9595     0.793   0.02024   0.01205  0.005411
   249/599      6.3G   0.01783  0.006347  0.003583   0.02776         1       640     0.588    0.9683    0.9635    0.7984   0.02035   0.01198  0.005341
   250/599      6.3G   0.01802  0.006139  0.003224   0.02739         2       640    0.5899     0.969    0.9638    0.7899   0.02003   0.01115  0.005202
   251/599      6.3G   0.01806  0.006381  0.003561     0.028         2       640    0.5931    0.9765    0.9709    0.7991   0.01977   0.01083  0.005303
   252/599      6.3G   0.01802  0.006284  0.003497   0.02781         2       640    0.5888    0.9689    0.9659     0.789   0.01949   0.01094  0.005178
   253/599      6.3G   0.01814  0.006474  0.003355   0.02797         4       640    0.5871    0.9656    0.9641    0.7906   0.01935   0.01097  0.005193
   254/599      6.3G   0.01794  0.006319  0.003664   0.02793         4       640    0.5879    0.9609    0.9618    0.7941   0.01945   0.01111  0.005249
   255/599      6.3G   0.01801   0.00645  0.003531   0.02799         3       640    0.5864    0.9564    0.9617    0.8067   0.01969   0.01116  0.005213
   256/599      6.3G   0.01784   0.00602  0.003556   0.02742         2       640    0.5888    0.9626    0.9648       0.8   0.01959   0.01114  0.005294
   257/599      6.3G   0.01859  0.006422   0.00355   0.02856         4       640    0.5834    0.9636    0.9636    0.8024   0.01959   0.01138  0.005382
   258/599      6.3G   0.01832  0.006332  0.003636   0.02828         1       640    0.5871    0.9645     0.965    0.8082    0.0197   0.01168  0.005435
   259/599      6.3G   0.01779  0.006356  0.003517   0.02766         5       640    0.5856    0.9644    0.9659    0.8071   0.01937   0.01162  0.005487
   260/599      6.3G   0.01767  0.006199  0.003227    0.0271         1       640     0.591    0.9651    0.9668    0.8012   0.01933   0.01156  0.005299
   261/599      6.3G   0.01809   0.00628  0.003741   0.02811         3       640    0.5922     0.967    0.9649    0.7943   0.01947   0.01167  0.005387
   262/599      6.3G   0.01795  0.006462  0.003709   0.02812         3       640    0.5905    0.9699    0.9651    0.7999   0.01954   0.01205  0.005543
   263/599      6.3G   0.01811   0.00679  0.003484   0.02838         3       640    0.5887      0.97    0.9664    0.8051   0.01933   0.01233  0.005465
   264/599      6.3G   0.01817  0.006569  0.003625   0.02836         7       640    0.5864    0.9683     0.966    0.8037   0.01913   0.01269  0.005547
   265/599      6.3G   0.01833  0.006538  0.003535    0.0284         4       640    0.5845    0.9665    0.9641    0.8193   0.01898   0.01261  0.005466
   266/599      6.3G   0.01789  0.006467  0.003429   0.02779         2       640    0.5865    0.9673    0.9664    0.8168   0.01893   0.01219  0.005372
   267/599      6.3G   0.01763  0.006334  0.003848   0.02781         2       640    0.5828    0.9677    0.9678    0.8204   0.01907   0.01242    0.0054
   268/599      6.3G    0.0181   0.00627  0.003837    0.0282         2       640    0.5846    0.9676    0.9687    0.8187   0.01917     0.013  0.005428
   269/599      6.3G   0.01836  0.006387  0.003707   0.02846         3       640    0.5807    0.9636    0.9663    0.8094   0.01966   0.01352  0.005348
   270/599      6.3G   0.01774  0.006332  0.003455   0.02753         4       640    0.5756     0.968    0.9674    0.8156   0.01943   0.01276  0.005139
   271/599      6.3G   0.01823  0.006321  0.003618   0.02817         4       640    0.5772    0.9726    0.9683    0.8131   0.01945    0.0124  0.005066
   272/599      6.3G   0.01749  0.006156  0.003296   0.02694         2       640    0.5731    0.9719    0.9688    0.8067   0.01967   0.01313  0.005009
   273/599      6.3G   0.01755  0.006298  0.003214   0.02706         1       640     0.581    0.9731    0.9697    0.8126   0.01913   0.01205  0.004939
   274/599      6.3G   0.01742  0.006135  0.003388   0.02694         2       640     0.586     0.973    0.9694    0.8124   0.01886   0.01182  0.004813
   275/599      6.3G   0.01779   0.00625  0.003517   0.02756         1       640    0.5873    0.9726    0.9695    0.8115   0.01907   0.01197  0.004875
   276/599      6.3G   0.01745  0.006112  0.003504   0.02707         1       640    0.5883    0.9725    0.9697    0.8104    0.0197   0.01233  0.005123
   277/599      6.3G   0.01762  0.006295  0.003209   0.02712         4       640    0.5851    0.9738    0.9704    0.8147   0.01947   0.01139  0.005208
   278/599      6.3G   0.01816  0.006392  0.004117   0.02867         1       640    0.5848    0.9734    0.9689    0.8192   0.01983   0.01086  0.005574
   279/599      6.3G   0.01784  0.006555  0.003992   0.02838         4       640    0.5855    0.9737    0.9696    0.8144   0.02027   0.01073  0.006121
   280/599      6.3G   0.01755  0.006472  0.003669   0.02769         5       640    0.5859     0.974    0.9699    0.8251   0.01998   0.01061  0.006465
   281/599      6.3G   0.01758  0.006353  0.003587   0.02752         5       640    0.5937    0.9782    0.9715    0.8234   0.01969   0.01033  0.006439
   282/599      6.3G   0.01755  0.006345  0.003114   0.02701         2       640    0.5932    0.9728    0.9706    0.8221   0.01986   0.01038  0.006308
   283/599      6.3G   0.01746  0.006183  0.003064   0.02671         5       640    0.5945    0.9722    0.9704     0.826   0.01993   0.01036  0.005964
   284/599      6.3G   0.01714  0.006365  0.003423   0.02693         2       640     0.592    0.9722    0.9714    0.8295   0.01967   0.00995  0.005362
   285/599      6.3G   0.01717  0.006526  0.003776   0.02748         5       640    0.5936    0.9745    0.9709    0.8227   0.01922   0.01005  0.004899
   286/599      6.3G   0.01753  0.006337  0.003786   0.02765         5       640    0.5909    0.9748    0.9718    0.8161   0.01914      0.01   0.00474
   287/599      6.3G    0.0173  0.006305    0.0035   0.02711         4       640    0.5948    0.9782    0.9711    0.8246   0.01924   0.00994  0.004736
   288/599      6.3G   0.01729   0.00617  0.003245   0.02671         3       640    0.5933    0.9786    0.9724    0.8148   0.01954   0.00996  0.004897
   289/599      6.3G   0.01716  0.006118  0.003376   0.02666         1       640     0.592    0.9783    0.9722    0.8228   0.01941    0.0102  0.004961
   290/599      6.3G   0.01753  0.006334  0.003327   0.02719         4       640    0.5894     0.977    0.9714    0.8174   0.01936   0.01055  0.004873
   291/599      6.3G   0.01711  0.006128  0.003188   0.02642         4       640    0.5912     0.977    0.9713    0.8218   0.01941   0.01083  0.004833
   292/599      6.3G    0.0172  0.006329  0.003178   0.02671         2       640    0.5895    0.9765    0.9715    0.8297   0.01928   0.01078  0.004773
   293/599      6.3G   0.01697  0.005995  0.002993   0.02596         3       640    0.5879    0.9761    0.9705    0.8294   0.01911   0.01073  0.004759
   294/599      6.3G   0.01736  0.006306  0.003824   0.02749         3       640    0.5887    0.9746    0.9703    0.8432   0.01904    0.0107  0.004787
   295/599      6.3G   0.01724  0.006101   0.00334   0.02669         3       640    0.5881    0.9728     0.969    0.8399   0.01899   0.01077   0.00478
   296/599      6.3G    0.0171  0.005866  0.003116   0.02608         2       640    0.5889    0.9729    0.9695    0.8338   0.01901   0.01087   0.00479
   297/599      6.3G   0.01729  0.006158  0.003353    0.0268         2       640    0.5888    0.9726    0.9697    0.8238   0.01911   0.01097  0.004719
   298/599      6.3G   0.01731  0.006072  0.003425   0.02681         4       640    0.5859    0.9715    0.9691    0.8246   0.01909   0.01074   0.00471
   299/599      6.3G   0.01691  0.005943  0.003126   0.02598         0       640    0.5814    0.9717    0.9694    0.8194   0.01936   0.01038  0.004824
   300/599      6.3G   0.01698  0.006216  0.002892   0.02609         5       640    0.5854    0.9719     0.971    0.8188   0.01935   0.01043  0.004825
   301/599      6.3G   0.01717  0.006231  0.003325   0.02673         2       640    0.5864    0.9719    0.9717    0.8355   0.01915   0.01022  0.004767
   302/599      6.3G   0.01685  0.006034  0.003113     0.026         3       640    0.5878    0.9723    0.9731    0.8304   0.01879   0.01002  0.004608
   303/599      6.3G   0.01664  0.006075  0.003296   0.02601         6       640    0.5901    0.9751    0.9731     0.829   0.01862    0.0101  0.004498
   304/599      6.3G   0.01692  0.006283    0.0031    0.0263         1       640    0.5921    0.9751    0.9727    0.8298   0.01853   0.01023  0.004415
   305/599      6.3G   0.01672  0.005906  0.003005   0.02563         2       640    0.5918    0.9723    0.9723    0.8277   0.01845   0.01035   0.00437
   306/599      6.3G   0.01667  0.005823  0.002999    0.0255         5       640    0.5938    0.9723    0.9724    0.8265   0.01834   0.01028  0.004305
   307/599      6.3G    0.0167  0.006045  0.002895   0.02564         4       640    0.5949    0.9738    0.9713    0.8308   0.01832   0.01031  0.004312
   308/599      6.3G   0.01677  0.005729  0.003027   0.02553         2       640    0.5946    0.9738    0.9711    0.8306    0.0185   0.01039  0.004386
   309/599      6.3G   0.01661  0.005947  0.003025   0.02558         2       640    0.5946    0.9738    0.9725    0.8266   0.01855   0.01045  0.004434
   310/599      6.3G   0.01605  0.005982  0.002869    0.0249         2       640    0.5993    0.9766     0.972    0.8313   0.01856   0.01041  0.004509
   311/599      6.3G   0.01713  0.006124  0.003029   0.02628         4       640    0.6002    0.9762    0.9721    0.8209   0.01857   0.01037  0.004526
   312/599      6.3G   0.01672  0.006146   0.00328   0.02615         2       640    0.6011    0.9758     0.973    0.8238   0.01844    0.0103  0.004517
   313/599      6.3G   0.01644  0.005967  0.003126   0.02553         2       640    0.5955     0.973    0.9722    0.8224   0.01841    0.0104  0.004567
   314/599      6.3G   0.01626  0.005846  0.002925   0.02503         4       640    0.6012    0.9758    0.9733    0.8284   0.01838   0.01032  0.004579
   315/599      6.3G   0.01716  0.006259  0.002853   0.02627         5       640     0.601    0.9758    0.9741    0.8329   0.01844   0.01029  0.004597
   316/599      6.3G   0.01667  0.005979  0.003031   0.02568         4       640    0.6033    0.9749    0.9739    0.8344   0.01856    0.0104  0.004688
   317/599      6.3G   0.01602  0.005894  0.003247   0.02516         2       640    0.6017    0.9711    0.9714    0.8343   0.01855   0.01044  0.004641
   318/599      6.3G   0.01628  0.006091  0.003134   0.02551         4       640    0.5998    0.9707    0.9712    0.8343   0.01858   0.01044  0.004632
   319/599      6.3G   0.01662  0.005973   0.00334   0.02593         3       640    0.6044    0.9742     0.972    0.8316   0.01873   0.01044   0.00471
   320/599      6.3G   0.01653  0.005846  0.003066   0.02545         3       640    0.6029    0.9735    0.9716    0.8374   0.01888   0.01051   0.00476
   321/599      6.3G   0.01607  0.005916   0.00303   0.02502         3       640    0.6022    0.9735    0.9723    0.8371   0.01893   0.01055  0.004811
   322/599      6.3G   0.01623  0.005821  0.003192   0.02524         4       640    0.6018    0.9748    0.9723    0.8383   0.01894   0.01047  0.004839
   323/599      6.3G    0.0164  0.005824  0.003145   0.02537         2       640    0.6016    0.9755    0.9728    0.8419   0.01902   0.01047  0.004823
   324/599      6.3G   0.01635  0.005859  0.003248   0.02545         3       640     0.603    0.9754    0.9728    0.8452   0.01897    0.0105  0.004837
   325/599      6.3G   0.01654  0.005774  0.003002   0.02532         2       640     0.607    0.9756    0.9722    0.8491   0.01886   0.01053  0.004817
   326/599      6.3G   0.01612  0.005873    0.0031   0.02509         4       640    0.6071    0.9753    0.9715    0.8546   0.01888   0.01055  0.004829
   327/599      6.3G   0.01612  0.005918  0.003239   0.02528         3       640    0.6085    0.9756     0.972    0.8577   0.01896   0.01056  0.004949
   328/599      6.3G   0.01576  0.005788  0.002978   0.02453         2       640    0.6079    0.9754    0.9722    0.8532   0.01923   0.01053  0.005088
   329/599      6.3G   0.01634  0.005904  0.002902   0.02514         2       640    0.6067    0.9756    0.9718    0.8493    0.0194   0.01032   0.00516
   330/599      6.3G   0.01609  0.005789  0.002666   0.02454         5       640    0.6072    0.9756    0.9713    0.8524   0.01949   0.01026  0.005161
   331/599      6.3G   0.01601  0.005885  0.003036   0.02493         1       640    0.6082    0.9755    0.9707    0.8532   0.01973   0.01008  0.005239
   332/599      6.3G    0.0157  0.005713  0.002964   0.02437         2       640    0.6111    0.9736    0.9707    0.8478   0.01988  0.009974   0.00533
   333/599      6.3G   0.01572   0.00564  0.002769   0.02413         1       640    0.6109    0.9735    0.9704    0.8449   0.01985  0.009973  0.005384
   334/599      6.3G   0.01565  0.005683  0.002641   0.02397         3       640    0.6118    0.9735    0.9704    0.8538    0.0198   0.01007  0.005399
   335/599      6.3G   0.01594  0.005634  0.002851   0.02442         4       640    0.6114    0.9717    0.9723    0.8511   0.01972   0.01009  0.005494
   336/599      6.3G   0.01584  0.005693  0.003022   0.02456         2       640    0.6115    0.9717    0.9718    0.8524   0.01945   0.01009  0.005385
   337/599      6.3G   0.01588  0.005918  0.002606   0.02441         4       640    0.6128    0.9737    0.9726    0.8497   0.01936   0.01016  0.005311
   338/599      6.3G   0.01553  0.005616  0.002717   0.02387         3       640    0.6123    0.9739    0.9726    0.8544   0.01917   0.01014  0.005096
   339/599      6.3G   0.01566  0.005569  0.002489   0.02372         3       640    0.6093    0.9739    0.9723    0.8553   0.01909   0.01007  0.004943
   340/599      6.3G   0.01585   0.00585  0.002902    0.0246         4       640    0.6087    0.9753    0.9719    0.8494   0.01897   0.01009  0.004836
   341/599      6.3G   0.01539  0.005633  0.002813   0.02384         1       640    0.6082    0.9752    0.9716    0.8485   0.01881   0.01016  0.004742
   342/599      6.3G    0.0151  0.005677  0.003079   0.02386         2       640    0.6074    0.9752    0.9721    0.8468   0.01873   0.01015  0.004683
   343/599      6.3G   0.01548  0.005712  0.003198   0.02439         1       640    0.6061    0.9752    0.9722    0.8458   0.01868   0.01015  0.004637
   344/599      6.3G   0.01572  0.005418  0.002584   0.02372         2       640    0.6076    0.9752     0.971    0.8513   0.01864   0.01018  0.004619
   345/599      6.3G   0.01523  0.005663  0.002701   0.02359         1       640    0.6087    0.9749     0.971    0.8529   0.01858   0.01018  0.004611
   346/599      6.3G   0.01524  0.005475  0.002612   0.02333         2       640     0.608    0.9736    0.9727    0.8497   0.01862   0.01022  0.004599
   347/599      6.3G   0.01557  0.005626  0.002667   0.02386         6       640    0.6083    0.9736    0.9725    0.8479   0.01863   0.01032  0.004626
   348/599      6.3G   0.01506  0.005627  0.002713    0.0234         1       640    0.6081    0.9736    0.9705     0.852   0.01857   0.01042  0.004609
   349/599      6.3G   0.01502  0.005559  0.002682   0.02326         2       640    0.6076    0.9739    0.9715    0.8504   0.01847   0.01051  0.004537
   350/599      6.3G   0.01511  0.005463  0.002572   0.02314         2       640    0.6088    0.9739    0.9714    0.8517   0.01836   0.01061  0.004514
   351/599      6.3G   0.01531  0.005516   0.00257   0.02339         8       640    0.6093    0.9739    0.9715    0.8561   0.01833   0.01052   0.00448
   352/599      6.3G   0.01571  0.005633   0.00262   0.02396         3       640    0.6079    0.9739    0.9717     0.857   0.01829   0.01048  0.004445
   353/599      6.3G   0.01471  0.005375  0.002383   0.02247         1       640    0.6077    0.9739    0.9718    0.8533   0.01824   0.01046  0.004415
   354/599      6.3G   0.01498  0.005572  0.002278   0.02283         6       640    0.6085    0.9739    0.9717    0.8555    0.0183   0.01048  0.004402
   355/599      6.3G   0.01505  0.005575  0.002626   0.02325         3       640    0.6097    0.9738    0.9718    0.8504   0.01834    0.0105  0.004394
   356/599      6.3G   0.01515  0.005579  0.002551   0.02328         4       640    0.6049    0.9695    0.9712    0.8528   0.01848   0.01053  0.004439
   357/599      6.3G   0.01492  0.005567  0.002655   0.02314         4       640    0.6036    0.9677    0.9704    0.8528   0.01864   0.01052  0.004491
   358/599      6.3G   0.01485  0.005468  0.002442   0.02276         4       640    0.6039    0.9677    0.9692     0.851   0.01877   0.01053   0.00455
   359/599      6.3G   0.01475  0.005461  0.002457   0.02267         5       640    0.6045    0.9673    0.9685    0.8513   0.01884    0.0105  0.004634
   360/599      6.3G   0.01511   0.00554  0.002574   0.02323         4       640    0.6057    0.9673    0.9688    0.8505   0.01893   0.01039   0.00474
   361/599      6.3G     0.015  0.005274  0.002596   0.02287         2       640    0.6062    0.9673    0.9689    0.8515   0.01886   0.01039  0.004736
   362/599      6.3G   0.01461  0.005408  0.002713   0.02273         3       640    0.6073    0.9673    0.9692    0.8516   0.01875   0.01045  0.004659
   363/599      6.3G   0.01497  0.005372  0.002877   0.02322         4       640    0.6082    0.9673     0.969    0.8523   0.01858   0.01053  0.004543
   364/599      6.3G   0.01514  0.005461  0.002693    0.0233         2       640      0.61    0.9687    0.9691    0.8514   0.01839   0.01057  0.004442
   365/599      6.3G   0.01481  0.005222  0.002476   0.02251         2       640    0.6103    0.9687     0.969    0.8513   0.01838    0.0106  0.004395
   366/599      6.3G   0.01525  0.005576  0.002722   0.02355         3       640    0.6077    0.9673    0.9688    0.8502   0.01841   0.01063  0.004362
   367/599      6.3G   0.01484  0.005285  0.002639   0.02277         3       640    0.6087    0.9672    0.9688    0.8512    0.0184   0.01063  0.004353
   368/599      6.3G   0.01517  0.005466  0.002918   0.02356         5       640    0.6088    0.9672    0.9686    0.8533   0.01852   0.01057   0.00439
   369/599      6.3G   0.01502  0.005599  0.002564   0.02319         4       640    0.6096    0.9673    0.9683    0.8563   0.01864   0.01055  0.004425
   370/599      6.3G   0.01451  0.005512  0.002495   0.02252         2       640    0.6092    0.9672    0.9687    0.8568   0.01871    0.0105  0.004445
   371/599      6.3G   0.01476  0.005568  0.002546   0.02287         1       640    0.6085    0.9673     0.969    0.8541   0.01863   0.01044  0.004424
   372/599      6.3G   0.01453  0.005412  0.002378   0.02232         1       640    0.6113    0.9688    0.9694    0.8563   0.01855   0.01038  0.004425
   373/599      6.3G   0.01453  0.005369  0.002278   0.02218         2       640    0.6111    0.9689    0.9697    0.8579   0.01849   0.01034   0.00442
   374/599      6.3G   0.01486  0.005607  0.002771   0.02324         4       640    0.6117    0.9696    0.9687    0.8583   0.01844    0.0103  0.004411
   375/599      6.3G   0.01447  0.005447  0.002521   0.02244         4       640    0.6113    0.9695    0.9684    0.8586   0.01841    0.0103  0.004415
   376/599      6.3G   0.01466  0.005386  0.002516   0.02256         2       640     0.613    0.9708    0.9686    0.8548    0.0184   0.01028  0.004433
   377/599      6.3G   0.01454  0.005291  0.002618   0.02245         3       640    0.6115     0.971    0.9688    0.8529   0.01838   0.01029  0.004436
   378/599      6.3G   0.01452  0.005434  0.002584   0.02254         4       640    0.6108    0.9709     0.969    0.8564   0.01835   0.01031  0.004478
   379/599      6.3G    0.0148  0.005127  0.002517   0.02245         3       640    0.6104    0.9707     0.969    0.8556   0.01832    0.0103  0.004564
   380/599      6.3G   0.01425  0.005308  0.002656   0.02221         4       640    0.6122     0.971    0.9686    0.8483   0.01833   0.01028  0.004645
   381/599      6.3G   0.01418  0.005343  0.002539   0.02206         2       640    0.6116    0.9711    0.9685    0.8545   0.01837   0.01023  0.004754
   382/599      6.3G   0.01462  0.005395  0.002233   0.02225         2       640    0.6103    0.9711    0.9686    0.8539   0.01841   0.01018  0.004838
   383/599      6.3G    0.0147  0.005544   0.00244   0.02268         3       640    0.6123    0.9718    0.9689    0.8539   0.01836   0.01012  0.004865
   384/599      6.3G   0.01447  0.005356  0.002212   0.02204         4       640    0.6123    0.9718     0.969    0.8537   0.01835   0.01011  0.004883
   385/599      6.3G   0.01434  0.005326  0.002551   0.02221         5       640    0.6125    0.9718    0.9691    0.8551   0.01831    0.0101  0.004888
   386/599      6.3G   0.01457  0.005438   0.00259    0.0226         2       640    0.6123    0.9711     0.969    0.8512   0.01831   0.01007  0.004938
   387/599      6.3G   0.01419  0.005327    0.0024   0.02192         3       640    0.6128    0.9711    0.9693    0.8512   0.01834   0.01008  0.004996
   388/599      6.3G   0.01465  0.005546  0.002501    0.0227         3       640    0.6132    0.9711    0.9694    0.8536   0.01839    0.0101  0.005085
   389/599      6.3G   0.01452  0.005342  0.002283   0.02215         1       640    0.6132    0.9711    0.9694    0.8536   0.01843   0.01009  0.005107
   390/599      6.3G   0.01392  0.005366  0.002292   0.02158         3       640    0.6141    0.9711    0.9693    0.8524   0.01846    0.0101  0.005134
   391/599      6.3G   0.01425  0.005497  0.002484   0.02223         4       640    0.6148     0.971     0.969    0.8556   0.01851   0.01008  0.005146
   392/599      6.3G    0.0142  0.005202  0.002295   0.02169         3       640    0.6139      0.97    0.9688    0.8576   0.01853   0.01006  0.005113
   393/599      6.3G   0.01406   0.00525  0.002481   0.02179         4       640    0.6142    0.9696    0.9687    0.8566   0.01851   0.01012  0.005058
   394/599      6.3G   0.01382  0.005281  0.002281   0.02139         7       640    0.6156    0.9714    0.9689    0.8563   0.01845   0.01015  0.005004
   395/599      6.3G   0.01426  0.005139  0.002377   0.02178         2       640    0.6155    0.9714    0.9687    0.8542   0.01841   0.01019  0.004951
   396/599      6.3G   0.01425  0.005176  0.002297   0.02173         3       640    0.6168    0.9714    0.9687    0.8558   0.01839   0.01023  0.004902
   397/599      6.3G   0.01379  0.005161  0.002292   0.02124         5       640    0.6136      0.97    0.9687    0.8612   0.01834   0.01021  0.004819
   398/599      6.3G   0.01378  0.005074  0.002036   0.02089         4       640    0.6149    0.9715    0.9687    0.8629   0.01833   0.01021  0.004789
   399/599      6.3G   0.01399  0.005178  0.002259   0.02143         2       640    0.6138    0.9715    0.9687    0.8625   0.01832   0.01023  0.004793
   400/599      6.3G   0.01418  0.005351  0.002772    0.0223         1       640    0.6143    0.9715    0.9687    0.8651   0.01828   0.01015  0.004776
   401/599      6.3G   0.01379  0.005008   0.00212   0.02092         0       640    0.6137    0.9715    0.9688    0.8679   0.01825   0.01011  0.004774
   402/599      6.3G   0.01357  0.005159  0.002188   0.02092         5       640    0.6134    0.9715    0.9688    0.8707   0.01823   0.01011  0.004785
   403/599      6.3G   0.01372  0.005202  0.002211   0.02113         7       640    0.6118    0.9715    0.9686    0.8749   0.01821    0.0101  0.004784
   404/599      6.3G   0.01401  0.005157  0.002301   0.02147         1       640    0.6116    0.9717    0.9686    0.8739   0.01819   0.01013  0.004802
   405/599      6.3G   0.01368  0.005273  0.002229   0.02118         3       640    0.6116    0.9719    0.9686    0.8752   0.01819   0.01016  0.004816
   406/599      6.3G   0.01367  0.005126  0.002125   0.02092         5       640    0.6116    0.9721    0.9682    0.8744   0.01818   0.01016  0.004805
   407/599      6.3G   0.01355  0.005318  0.002176   0.02104         3       640    0.6117    0.9724    0.9683    0.8716   0.01813   0.01013  0.004752
   408/599      6.3G   0.01368  0.005062  0.002168   0.02091         3       640    0.6119     0.973    0.9684    0.8718    0.0181   0.01011  0.004739
   409/599      6.3G   0.01336  0.004985  0.002088   0.02044         4       640    0.6122     0.973    0.9691    0.8722   0.01809   0.01008  0.004739
   410/599      6.3G   0.01359  0.005026  0.002255   0.02087         2       640    0.6128     0.973    0.9691    0.8705   0.01811   0.01007  0.004752
   411/599      6.3G   0.01345  0.005009  0.001975   0.02043         3       640    0.6126     0.973    0.9691    0.8726    0.0181   0.01005   0.00474
   412/599      6.3G   0.01392  0.005126  0.002201   0.02125         4       640    0.6128     0.973    0.9691    0.8685    0.0181   0.01005  0.004721
   413/599      6.3G   0.01352  0.005082   0.00201   0.02061         4       640     0.613     0.973    0.9687      0.87   0.01811   0.01005    0.0047
   414/599      6.3G   0.01356  0.005099   0.00218   0.02084         4       640    0.6131     0.973    0.9691    0.8707   0.01811   0.01005   0.00468
   415/599      6.3G    0.0131  0.005042  0.001956    0.0201         4       640    0.6134     0.973    0.9691    0.8714    0.0181   0.01004  0.004647
   416/599      6.3G   0.01392  0.005011  0.002271    0.0212         5       640    0.6136     0.973    0.9693    0.8712   0.01808   0.01004  0.004607
   417/599      6.3G   0.01387  0.005061  0.002363    0.0213         1       640     0.614     0.973    0.9693     0.871   0.01806   0.01006  0.004569
   418/599      6.3G   0.01339  0.004993   0.00223   0.02061         4       640    0.6142     0.973    0.9693    0.8721   0.01803   0.01007  0.004542
   419/599      6.3G   0.01329  0.004944  0.001943   0.02017         2       640    0.6143     0.973    0.9687     0.874     0.018   0.01008  0.004501
   420/599      6.3G   0.01369   0.00493  0.002025   0.02065         1       640    0.6144     0.973    0.9687    0.8757   0.01798   0.01008  0.004453
   421/599      6.3G   0.01324  0.005216  0.002051    0.0205         1       640    0.6144     0.973    0.9689    0.8754   0.01797   0.01008   0.00441
   422/599      6.3G   0.01362  0.005006  0.002145   0.02077         1       640    0.6143     0.973    0.9688    0.8747   0.01796   0.01007  0.004374
   423/599      6.3G   0.01332  0.004921  0.002075   0.02032         1       640    0.6142     0.973    0.9689    0.8732   0.01793   0.01004  0.004352
   424/599      6.3G   0.01339  0.005079  0.001978   0.02044         2       640    0.6141     0.973    0.9688     0.874   0.01791   0.01003  0.004315
   425/599      6.3G   0.01319  0.004962  0.001966   0.02012         1       640     0.614     0.973    0.9688    0.8721   0.01789   0.01003  0.004292
   426/599      6.3G   0.01319  0.004856  0.002125   0.02017         4       640     0.614     0.973    0.9689    0.8698   0.01788   0.01003  0.004275
   427/599      6.3G   0.01348  0.004853  0.001923   0.02026         3       640     0.614     0.973    0.9689    0.8668   0.01786   0.01006  0.004261
   428/599      6.3G   0.01331  0.005129  0.002193   0.02063         4       640    0.6139     0.973    0.9687    0.8665   0.01787   0.01008  0.004259
   429/599      6.3G   0.01305  0.004924  0.002085   0.02006         3       640    0.6138     0.973    0.9687    0.8668   0.01787   0.01007  0.004257
   430/599      6.3G   0.01311  0.004922    0.0022   0.02023         2       640    0.6138     0.973    0.9687    0.8687   0.01787   0.01006  0.004263
   431/599      6.3G   0.01288  0.004776  0.001991   0.01964         3       640    0.6137     0.973    0.9688     0.868   0.01786   0.01006  0.004259
   432/599      6.3G   0.01329  0.005138  0.002226   0.02065         4       640    0.6142    0.9734    0.9693    0.8675   0.01786   0.01008  0.004248
   433/599      6.3G   0.01311  0.004873  0.002137   0.02012         3       640    0.6142    0.9734    0.9692     0.868   0.01785   0.01009  0.004231
   434/599      6.3G   0.01317  0.005198  0.002043   0.02041         3       640    0.6141    0.9734    0.9692    0.8678   0.01785    0.0101  0.004227
   435/599      6.3G   0.01273  0.004946  0.001998   0.01967         8       640    0.6146    0.9734    0.9692    0.8678   0.01784   0.01009  0.004224
   436/599      6.3G   0.01302  0.004899  0.001928   0.01985         2       640    0.6146    0.9733    0.9692    0.8702   0.01784   0.01009  0.004239
   437/599      6.3G   0.01326  0.004684   0.00239   0.02033         4       640    0.6145    0.9732    0.9693    0.8689   0.01785   0.01007  0.004265
   438/599      6.3G   0.01288  0.004827  0.002113   0.01983         3       640    0.6145    0.9731    0.9693    0.8685   0.01786   0.01005  0.004266
   439/599      6.3G   0.01276  0.004795   0.00204   0.01959         3       640    0.6149    0.9732    0.9692    0.8715   0.01786   0.01004   0.00426
   440/599      6.3G   0.01329    0.0053  0.002451   0.02104         2       640    0.6148    0.9732    0.9693      0.87   0.01785   0.01003  0.004248
   441/599      6.3G   0.01318   0.00486  0.002063    0.0201         4       640    0.6148    0.9732    0.9692    0.8715   0.01785   0.01003  0.004229
   442/599      6.3G   0.01298  0.004869  0.002016   0.01987         2       640    0.6148    0.9732    0.9693    0.8722   0.01785   0.01003   0.00423
   443/599      6.3G    0.0128  0.004692  0.001944   0.01943         1       640    0.6148    0.9732    0.9693    0.8722   0.01785   0.01003  0.004232
   444/599      6.3G   0.01266  0.004754  0.002161   0.01958         4       640    0.6149    0.9731    0.9693    0.8716   0.01785   0.01003  0.004243
   445/599      6.3G   0.01266  0.004853  0.002021   0.01953         4       640     0.615     0.973    0.9694    0.8734   0.01784   0.01004  0.004264
   446/599      6.3G   0.01276  0.004729  0.002028   0.01952         2       640     0.615    0.9729      0.97    0.8729   0.01786   0.01005  0.004295
   447/599      6.3G   0.01288  0.004942  0.001997   0.01982         3       640    0.6151    0.9729      0.97    0.8718   0.01786   0.01004  0.004305
   448/599      6.3G   0.01258  0.004779  0.001905   0.01927         2       640    0.6148    0.9725    0.9694    0.8728   0.01786   0.01001    0.0043
   449/599      6.3G     0.013  0.004868  0.001892   0.01976         5       640    0.6149    0.9724    0.9694    0.8715   0.01786      0.01  0.004306
   450/599      6.3G   0.01282  0.004723  0.001928   0.01947         5       640    0.6147    0.9724    0.9694     0.873   0.01785      0.01  0.004302
   451/599      6.3G   0.01286  0.004711  0.001969   0.01954         5       640    0.6146    0.9723    0.9688     0.875   0.01784  0.009993  0.004303
   452/599      6.3G   0.01286  0.004817  0.002109   0.01978         3       640    0.6146    0.9723    0.9695    0.8739   0.01782  0.009984  0.004302
   453/599      6.3G    0.0125  0.004628  0.002107   0.01924         1       640    0.6146    0.9722    0.9688    0.8725    0.0178  0.009987    0.0043
   454/599      6.3G   0.01273  0.004708  0.001941   0.01938         5       640    0.6146    0.9722    0.9693     0.872   0.01778  0.009965  0.004296
   455/599      6.3G   0.01257  0.004807  0.001988   0.01936         2       640     0.614    0.9722    0.9694    0.8736   0.01776  0.009928  0.004269
   456/599      6.3G   0.01244  0.004757   0.00193   0.01912         6       640     0.614    0.9722    0.9693     0.873   0.01774   0.00992  0.004252
   457/599      6.3G   0.01254  0.004712  0.001782   0.01904         5       640    0.6145    0.9725      0.97    0.8743   0.01773  0.009928  0.004236
   458/599      6.3G   0.01226  0.004634  0.001844   0.01874         1       640    0.6145    0.9721    0.9695    0.8739   0.01771  0.009931  0.004224
   459/599      6.3G   0.01196   0.00454  0.001799    0.0183         3       640    0.6145    0.9721    0.9694    0.8743   0.01771  0.009936  0.004215
   460/599      6.3G   0.01221  0.004473  0.001768   0.01845         1       640    0.6146    0.9722    0.9695     0.874    0.0177  0.009925  0.004208
   461/599      6.3G   0.01233   0.00472  0.001893   0.01894         2       640    0.6145    0.9722    0.9695    0.8725   0.01768  0.009914    0.0042
   462/599      6.3G   0.01255  0.004698  0.001793   0.01904         4       640    0.6145    0.9722    0.9696    0.8733   0.01766  0.009909   0.00419
   463/599      6.3G   0.01217   0.00464  0.001852   0.01867         1       640    0.6144    0.9722    0.9696    0.8716   0.01765  0.009919  0.004185
   464/599      6.3G   0.01225  0.004736  0.002482   0.01947         1       640    0.6144    0.9722    0.9696    0.8746   0.01764  0.009931  0.004181
   465/599      6.3G   0.01249  0.004693  0.001874   0.01906         2       640    0.6144    0.9722    0.9696    0.8745   0.01763  0.009937  0.004165
   466/599      6.3G   0.01225  0.004848  0.001813   0.01891         2       640    0.6142    0.9722    0.9698    0.8745    0.0176  0.009938  0.004144
   467/599      6.3G   0.01221  0.004409  0.001772   0.01839         2       640    0.6141    0.9722    0.9698    0.8752   0.01758  0.009954  0.004132
   468/599      6.3G   0.01234  0.004806   0.00188   0.01902         4       640    0.6145    0.9725    0.9704    0.8742   0.01757  0.009967  0.004124
   469/599      6.3G   0.01187  0.004494  0.001737    0.0181         2       640    0.6144    0.9726    0.9704    0.8757   0.01755   0.00997  0.004112
   470/599      6.3G   0.01208  0.004559  0.001989   0.01863         5       640    0.6143    0.9726    0.9704    0.8722   0.01754  0.009983  0.004108
   471/599      6.3G   0.01232  0.004605  0.001755   0.01868         1       640    0.6142    0.9726    0.9704    0.8711   0.01753  0.009992  0.004102
   472/599      6.3G   0.01236  0.004609  0.001988   0.01896         4       640    0.6142    0.9725    0.9704    0.8731   0.01753  0.009994  0.004096
   473/599      6.3G    0.0121  0.004649  0.001773   0.01852         3       640    0.6141    0.9725    0.9705    0.8732   0.01753  0.009998  0.004083
   474/599      6.3G   0.01223  0.004621  0.001819   0.01867         1       640     0.614    0.9725    0.9705    0.8735   0.01751  0.009996  0.004069
   475/599      6.3G   0.01199  0.004565  0.001763   0.01832         2       640    0.6139    0.9725    0.9705    0.8755   0.01751  0.009998  0.004058
   476/599      6.3G   0.01188  0.004611  0.001822   0.01832         2       640    0.6138    0.9725    0.9707    0.8752   0.01751  0.009999  0.004054
   477/599      6.3G   0.01212  0.004541  0.002004   0.01866         4       640    0.6137    0.9725    0.9699    0.8734   0.01751  0.009997  0.004044
   478/599      6.3G    0.0119  0.004535  0.001831   0.01827         2       640    0.6136    0.9725    0.9699    0.8742    0.0175  0.009997   0.00404
   479/599      6.3G   0.01222  0.004531   0.00193   0.01868         4       640    0.6135    0.9725    0.9701    0.8759   0.01749  0.009996  0.004031
   480/599      6.3G   0.01209  0.004505  0.001832   0.01843         2       640    0.6135    0.9725    0.9707    0.8764   0.01748  0.009997  0.004022
   481/599      6.3G   0.01204  0.004569  0.001721   0.01833         5       640    0.6134    0.9725    0.9701    0.8794   0.01748      0.01  0.004019
   482/599      6.3G   0.01224  0.004642  0.001763   0.01864         4       640    0.6128    0.9719    0.9699    0.8777   0.01749   0.01002  0.004022
   483/599      6.3G   0.01204  0.004662   0.00183   0.01854         4       640    0.6128    0.9719    0.9708    0.8771   0.01749   0.01002  0.004022
   484/599      6.3G    0.0118  0.004653  0.001758   0.01821         1       640    0.6125    0.9719    0.9699    0.8773    0.0175   0.01002   0.00402
   485/599      6.3G   0.01169  0.004556  0.001737   0.01798         2       640    0.6123    0.9719    0.9699    0.8791    0.0175   0.01002  0.004016
   486/599      6.3G   0.01201  0.004614  0.001674    0.0183         4       640    0.6124    0.9719    0.9708    0.8762   0.01749   0.01003  0.004005
   487/599      6.3G   0.01181  0.004682  0.001603    0.0181         4       640    0.6123    0.9719    0.9708    0.8779   0.01748   0.01004  0.004002
   488/599      6.3G   0.01198  0.004482  0.001575   0.01803         5       640    0.6123    0.9719    0.9708    0.8763   0.01748   0.01005  0.003999
   489/599      6.3G   0.01153  0.004469  0.001777   0.01777         2       640    0.6123    0.9719    0.9708     0.878   0.01748   0.01005  0.003986
   490/599      6.3G   0.01171  0.004435  0.001657   0.01781         5       640    0.6123    0.9719    0.9709    0.8784   0.01747   0.01007  0.003974
   491/599      6.3G   0.01175   0.00443  0.001668   0.01785         2       640    0.6123    0.9719    0.9709    0.8777   0.01748   0.01008  0.003962
   492/599      6.3G   0.01178  0.004615   0.00173   0.01812         4       640    0.6123    0.9719    0.9709    0.8779   0.01747   0.01008  0.003951
   493/599      6.3G   0.01154  0.004485  0.001791   0.01782         3       640    0.6123    0.9719    0.9709    0.8762   0.01747   0.01009  0.003938
   494/599      6.3G   0.01175  0.004475  0.001793   0.01801         4       640    0.6123    0.9719    0.9709    0.8762   0.01746    0.0101  0.003928
   495/599      6.3G   0.01171  0.004348   0.00163   0.01769         2       640    0.6122    0.9719    0.9709    0.8766   0.01746    0.0101  0.003924
   496/599      6.3G   0.01168  0.004448  0.001702   0.01783         4       640    0.6121    0.9719    0.9709    0.8786   0.01746   0.01011  0.003915
   497/599      6.3G   0.01172  0.004463  0.001601   0.01778         5       640     0.612    0.9719     0.971    0.8786   0.01746   0.01011  0.003907
   498/599      6.3G   0.01142   0.00441   0.00168   0.01751         1       640     0.612    0.9719     0.971    0.8771   0.01745   0.01012  0.003897
   499/599      6.3G   0.01128  0.004473  0.001584   0.01734         1       640    0.6119    0.9719     0.971     0.877   0.01745   0.01012  0.003892
   500/599      6.3G   0.01158  0.004494  0.001705   0.01778         6       640     0.612    0.9719     0.971    0.8767   0.01744   0.01013  0.003887
   501/599      6.3G    0.0116  0.004521  0.001928   0.01805         3       640    0.6118    0.9719     0.971    0.8765   0.01744   0.01013  0.003879
   502/599      6.3G   0.01158  0.004561  0.001696   0.01784         7       640    0.6118    0.9719     0.971    0.8779   0.01744   0.01012  0.003873
   503/599      6.3G   0.01153  0.004363  0.001696   0.01759         3       640    0.6116    0.9719     0.971    0.8778   0.01744   0.01013  0.003871
   504/599      6.3G   0.01171  0.004613  0.001898   0.01822         5       640    0.6115    0.9719     0.971    0.8778   0.01744   0.01015  0.003869
   505/599      6.3G   0.01138  0.004461  0.001701   0.01755         3       640    0.6115    0.9719     0.971    0.8774   0.01744   0.01017  0.003867
   506/599      6.3G   0.01204  0.004623  0.001797   0.01846         3       640    0.6115    0.9719     0.971    0.8777   0.01743   0.01019  0.003861
   507/599      6.3G   0.01143   0.00429   0.00174   0.01746         1       640    0.6116    0.9719     0.971     0.878   0.01743   0.01019  0.003853
   508/599      6.3G   0.01141  0.004278  0.001761   0.01745         1       640    0.6115    0.9718     0.971     0.878   0.01743   0.01021  0.003852
   509/599      6.3G   0.01122  0.004389  0.001934   0.01754         5       640    0.6115    0.9718     0.971    0.8782   0.01743   0.01022  0.003848
   510/599      6.3G   0.01146  0.004496  0.001732   0.01769         4       640    0.6114    0.9717    0.9713    0.8777   0.01743   0.01023  0.003847
   511/599      6.3G   0.01135  0.004433  0.001668   0.01745         7       640    0.6113    0.9717    0.9713    0.8783   0.01744   0.01024  0.003849
   512/599      6.3G   0.01119  0.004236  0.001544   0.01696         2       640    0.6111    0.9716    0.9713    0.8778   0.01745   0.01025  0.003853
   513/599      6.3G   0.01158  0.004489  0.001502   0.01757         6       640     0.611    0.9715    0.9713    0.8778   0.01746   0.01027  0.003856
   514/599      6.3G   0.01114  0.004264  0.001688   0.01709         2       640    0.6109    0.9715    0.9713    0.8777   0.01747   0.01028  0.003861
   515/599      6.3G   0.01133  0.004569  0.002009   0.01791         3       640    0.6108    0.9715    0.9713    0.8779   0.01747    0.0103  0.003865
   516/599      6.3G   0.01138  0.004662   0.00189   0.01794         1       640    0.6107    0.9715    0.9712    0.8758   0.01748   0.01033  0.003872
   517/599      6.3G   0.01138  0.004293  0.001604   0.01727         2       640    0.6107    0.9715    0.9712    0.8754   0.01749   0.01034  0.003876
   518/599      6.3G   0.01135  0.004424  0.001634   0.01741         3       640    0.6106    0.9715    0.9714    0.8757   0.01749   0.01034  0.003881
   519/599      6.3G   0.01106  0.004341  0.001666   0.01707         1       640    0.6106    0.9715    0.9714    0.8756   0.01749   0.01035  0.003885
   520/599      6.3G   0.01128  0.004334  0.001765   0.01738         2       640    0.6106    0.9715    0.9714    0.8756    0.0175   0.01037  0.003887
   521/599      6.3G   0.01153  0.004338  0.001703   0.01757         2       640    0.6104    0.9715    0.9714    0.8756    0.0175   0.01039  0.003886
   522/599      6.3G   0.01131  0.004467  0.001586   0.01736         6       640    0.6101    0.9715    0.9693    0.8745    0.0175   0.01041  0.003882
   523/599      6.3G   0.01117  0.004273  0.001588   0.01703         3       640    0.6098    0.9715    0.9693    0.8733   0.01751   0.01042  0.003876
   524/599      6.3G   0.01103  0.004404  0.001657   0.01709         3       640    0.6097    0.9715    0.9691    0.8725   0.01751   0.01042  0.003873
   525/599      6.3G   0.01103  0.004397  0.001585   0.01701         1       640    0.6097    0.9715    0.9691    0.8728    0.0175   0.01042   0.00387
   526/599      6.3G   0.01118  0.004276  0.001651   0.01711         1       640    0.6096    0.9715    0.9691     0.873   0.01751   0.01043   0.00387
   527/599      6.3G   0.01096  0.004496  0.001768   0.01722         1       640    0.6095    0.9715    0.9691    0.8731   0.01751   0.01044  0.003873
   528/599      6.3G   0.01115  0.004342  0.001653   0.01714         3       640    0.6095    0.9715    0.9691    0.8733   0.01752   0.01045  0.003874
   529/599      6.3G   0.01115   0.00455  0.001538   0.01724         5       640    0.6094    0.9715    0.9691    0.8733   0.01752   0.01046  0.003874
   530/599      6.3G   0.01105   0.00428  0.001571   0.01691         1       640    0.6093    0.9714    0.9691     0.872   0.01752   0.01048  0.003874
   531/599      6.3G   0.01082  0.004249  0.001527    0.0166         2       640    0.6092    0.9714    0.9691    0.8721   0.01752   0.01051  0.003874
   532/599      6.3G   0.01099  0.004276  0.001444   0.01671         4       640    0.6091    0.9714    0.9691    0.8729   0.01753   0.01052  0.003875
   533/599      6.3G   0.01055  0.004103  0.001544    0.0162         2       640     0.609    0.9714    0.9691    0.8746   0.01753   0.01052  0.003873
   534/599      6.3G   0.01078  0.004299  0.001518    0.0166         3       640    0.6088    0.9714    0.9691    0.8728   0.01752   0.01053  0.003871
   535/599      6.3G   0.01095   0.00422  0.001549   0.01671         3       640    0.6086    0.9714    0.9691    0.8746   0.01752   0.01053  0.003874
   536/599      6.3G   0.01076  0.004219    0.0015   0.01648         1       640    0.6084    0.9714    0.9691    0.8746   0.01753   0.01055  0.003881
   537/599      6.3G   0.01102  0.004407  0.001838   0.01727         2       640    0.6083    0.9714    0.9691    0.8744   0.01754   0.01055  0.003882
   538/599      6.3G    0.0107  0.004216  0.001576   0.01649         2       640     0.608    0.9714    0.9691    0.8738   0.01754   0.01056  0.003885
   539/599      6.3G   0.01124  0.004294  0.001543   0.01708         4       640    0.6078    0.9714    0.9691    0.8745   0.01754   0.01055  0.003886
   540/599      6.3G   0.01078  0.004252  0.001513   0.01655         2       640    0.6075    0.9714    0.9691    0.8746   0.01754   0.01054  0.003885
   541/599      6.3G   0.01096  0.004326  0.001603   0.01689         4       640    0.6074    0.9714    0.9691    0.8738   0.01754   0.01054  0.003884
   542/599      6.3G   0.01079  0.004197  0.001517    0.0165         2       640    0.6072    0.9714    0.9691    0.8739   0.01753   0.01053  0.003876
   543/599      6.3G   0.01082  0.004175   0.00144   0.01644         4       640    0.6071    0.9714    0.9691    0.8739   0.01753   0.01054  0.003872
   544/599      6.3G   0.01063  0.004182  0.001513   0.01632         4       640    0.6071    0.9714    0.9692    0.8737   0.01752   0.01054  0.003866
   545/599      6.3G   0.01068   0.00431  0.001451   0.01644         4       640    0.6071    0.9714    0.9691    0.8737   0.01751   0.01054  0.003861
   546/599      6.3G   0.01079  0.004206   0.00154   0.01653         3       640     0.607    0.9714    0.9708    0.8748    0.0175   0.01054  0.003859
   547/599      6.3G   0.01056  0.004149  0.001409   0.01612         1       640     0.607    0.9714    0.9708    0.8739    0.0175   0.01054  0.003853
   548/599      6.3G   0.01119  0.005414  0.001997    0.0186         9       640     0.607    0.9714    0.9708    0.8746   0.01749   0.01054  0.003849
   549/599      6.3G   0.01076  0.004249  0.001471   0.01648         6       640    0.6078    0.9723    0.9709    0.8761   0.01749   0.01055  0.003846
   550/599      6.3G   0.01067  0.004304  0.001466   0.01644         4       640    0.6083    0.9731     0.971    0.8766   0.01749   0.01055  0.003843
   551/599      6.3G   0.01083  0.004241  0.001556   0.01662         2       640    0.6083    0.9731     0.971     0.876   0.01749   0.01055  0.003838
   552/599      6.3G    0.0108  0.004361  0.001506   0.01667         4       640    0.6082    0.9731     0.971    0.8769   0.01749   0.01056  0.003834
   553/599      6.3G    0.0108  0.004262  0.001516   0.01657         3       640    0.6081    0.9731     0.971    0.8768   0.01748   0.01057   0.00383
   554/599      6.3G   0.01063  0.004268  0.001582   0.01648         1       640     0.608    0.9731     0.971    0.8759   0.01748   0.01056  0.003827
   555/599      6.3G    0.0107  0.004287  0.001584   0.01657         4       640     0.608    0.9731     0.971    0.8761   0.01747   0.01057  0.003825
   556/599      6.3G   0.01049  0.004258    0.0015   0.01625         2       640     0.608    0.9731    0.9712     0.877   0.01747   0.01056  0.003825
   557/599      6.3G   0.01079  0.004189  0.001531   0.01651         4       640    0.6079    0.9732    0.9712    0.8755   0.01746   0.01057  0.003821
   558/599      6.3G   0.01055  0.003971  0.001396   0.01592         1       640     0.608    0.9732    0.9712     0.877   0.01746   0.01056  0.003816
   559/599      6.3G   0.01074  0.004385  0.001643   0.01677         7       640    0.6079    0.9732    0.9712     0.877   0.01746   0.01057  0.003813
   560/599      6.3G   0.01066  0.004226  0.001711   0.01659         3       640     0.608    0.9732    0.9712    0.8768   0.01747   0.01057  0.003809
   561/599      6.3G   0.01069  0.004271  0.001521   0.01648         3       640     0.608    0.9732    0.9712    0.8769   0.01747   0.01057  0.003808
   562/599      6.3G   0.01046  0.004114  0.001505   0.01608         1       640    0.6079    0.9732    0.9712    0.8769   0.01748   0.01058  0.003809
   563/599      6.3G   0.01055  0.004205  0.001532   0.01628         2       640    0.6079    0.9732    0.9712    0.8769   0.01748   0.01059  0.003811
   564/599      6.3G   0.01055  0.004263  0.001579   0.01639         2       640    0.6079    0.9732    0.9712     0.877   0.01748    0.0106  0.003808
   565/599      6.3G   0.01072  0.004057  0.001728    0.0165         1       640    0.6078    0.9732    0.9712    0.8774   0.01749   0.01061  0.003808
   566/599      6.3G   0.01052  0.004305  0.001591   0.01641         3       640    0.6078    0.9732    0.9712    0.8769   0.01749   0.01062  0.003809
   567/599      6.3G   0.01065  0.004167  0.001499   0.01631         2       640    0.6078    0.9732    0.9712    0.8766   0.01749   0.01063  0.003807
   568/599      6.3G   0.01061  0.004158  0.001355   0.01613         4       640    0.6079    0.9732    0.9712    0.8767   0.01749   0.01064  0.003807
   569/599      6.3G   0.01046  0.004133  0.001407     0.016         4       640    0.6078    0.9732    0.9711    0.8766    0.0175   0.01065  0.003803
   570/599      6.3G   0.01056   0.00416  0.001467   0.01619         3       640    0.6077    0.9732    0.9711    0.8756   0.01751   0.01066  0.003802
   571/599      6.3G   0.01053  0.004109  0.001307   0.01594         2       640    0.6077    0.9732    0.9711    0.8751   0.01751   0.01066  0.003799
   572/599      6.3G   0.01064  0.004213  0.001458   0.01631         2       640    0.6076    0.9732    0.9711    0.8756   0.01751   0.01066  0.003793
   573/599      6.3G   0.01056  0.004139  0.001497    0.0162         4       640    0.6077    0.9732    0.9711    0.8741   0.01751   0.01067  0.003793
   574/599      6.3G   0.01065  0.004156  0.001537   0.01634         6       640    0.6079    0.9732    0.9711    0.8755   0.01751   0.01067  0.003788
   575/599      6.3G   0.01072  0.004353  0.001399   0.01647         2       640    0.6079    0.9733    0.9711    0.8755   0.01751   0.01068  0.003786
   576/599      6.3G   0.01055  0.004094  0.001439   0.01608         2       640    0.6081    0.9732    0.9711     0.874   0.01752   0.01069  0.003784
   577/599      6.3G   0.01026  0.004166  0.001484   0.01591         1       640     0.608    0.9732    0.9713    0.8742   0.01752    0.0107  0.003784
   578/599      6.3G   0.01056  0.004001  0.001419   0.01598         2       640    0.6079    0.9732    0.9713    0.8749   0.01752    0.0107  0.003776
   579/599      6.3G   0.01055  0.004202  0.001398   0.01615         2       640    0.6079    0.9733    0.9713     0.875   0.01751    0.0107   0.00377
   580/599      6.3G   0.01037  0.004268  0.001527   0.01617         5       640    0.6079    0.9733    0.9713    0.8749   0.01751    0.0107  0.003764
   581/599      6.3G    0.0108  0.004143  0.001375   0.01632         1       640    0.6078    0.9733    0.9713    0.8749   0.01751    0.0107  0.003761
   582/599      6.3G   0.01027  0.004043  0.001573   0.01589         2       640    0.6077    0.9733    0.9713     0.875   0.01751   0.01071  0.003755
   583/599      6.3G   0.01051  0.004085  0.001475   0.01607         4       640    0.6077    0.9733    0.9713    0.8764   0.01752   0.01072  0.003753
   584/599      6.3G   0.01084  0.004237  0.002035   0.01712         3       640    0.6077    0.9733    0.9714     0.876   0.01752   0.01073  0.003751
   585/599      6.3G   0.01077  0.004309  0.001404   0.01649         7       640    0.6075    0.9733    0.9714     0.876   0.01752   0.01073   0.00375
   586/599      6.3G   0.01086  0.004104   0.00153   0.01649         4       640    0.6075    0.9733    0.9714     0.876   0.01752   0.01074  0.003747
   587/599      6.3G   0.01052  0.004111  0.001409   0.01604         3       640    0.6073    0.9733    0.9714    0.8761   0.01752   0.01074  0.003747
   588/599      6.3G   0.01033  0.004283  0.001433   0.01605         2       640    0.6072    0.9733    0.9714    0.8765   0.01752   0.01074  0.003742
   589/599      6.3G   0.01028  0.004105  0.001353   0.01573         3       640    0.6072    0.9733    0.9714    0.8767   0.01753   0.01075  0.003739
   590/599      6.3G   0.01048  0.004209    0.0015   0.01619         4       640    0.6071    0.9733    0.9714    0.8766   0.01752   0.01075  0.003732
   591/599      6.3G   0.01079  0.004511  0.001621   0.01693         5       640    0.6069    0.9733    0.9714    0.8767   0.01752   0.01075  0.003728
   592/599      6.3G   0.01059  0.003985  0.001454   0.01603         5       640    0.6066    0.9733    0.9714    0.8767   0.01752   0.01076  0.003723
   593/599      6.3G   0.01058  0.003912  0.001437   0.01593         2       640    0.6065    0.9733    0.9714    0.8766   0.01753   0.01077  0.003721
   594/599      6.3G   0.01039  0.004655  0.001816   0.01686         2       640    0.6063    0.9733    0.9716    0.8767   0.01753   0.01077  0.003719
   595/599      6.3G   0.01055  0.004264  0.001708   0.01653         1       640    0.6062    0.9733    0.9716    0.8766   0.01753   0.01078  0.003719
   596/599      6.3G   0.01035  0.004129  0.001385   0.01586         2       640    0.6059    0.9732    0.9716     0.877   0.01753   0.01079  0.003718
   597/599      6.3G   0.01042  0.004211  0.001441   0.01608         5       640    0.6058    0.9732    0.9716    0.8766   0.01753   0.01079  0.003715
   598/599      6.3G    0.0105  0.004186  0.001515    0.0162         3       640    0.6057    0.9732    0.9716    0.8765   0.01753    0.0108  0.003712
   599/599      6.3G   0.01034   0.00413  0.001362   0.01583         4       640    0.6055    0.9733    0.9695    0.8765   0.01753    0.0108  0.003709
